500
1250
1
Lead 1
-0.62
-0.605
-0.61
-0.59
-0.57
-0.56
-0.56
-0.57
-0.56
-0.56
-0.58
-0.61
-0.59
-0.585
-0.585
-0.585
-0.56
-0.585
-0.61
-0.62
-0.635
-0.665
-0.685
-0.665
-0.665
-0.685
-0.67
-0.665
-0.685
-0.705
-0.725
-0.755
-0.795
-0.795
-0.825
-0.84
-0.865
-0.845
-0.85
-0.885
-0.885
-0.92
-0.975
-0.99
-1.0
-1.0
-1.03
-1.02
-1.02
-1.03
-0.99
-1.005
-1.005
-1.005
-0.99
-0.955
-0.9
-0.85
-0.8
-0.715
-0.67
-0.58
-0.54
-0.5
-0.47
-0.435
-0.41
-0.385
-0.355
-0.325
-0.3
-0.265
-0.265
-0.26
-0.27
-0.28
-0.28
-0.295
-0.29
-0.28
-0.295
-0.275
-0.27
-0.25
-0.265
-0.275
-0.3
-0.305
-0.305
-0.29
-0.31
-0.275
-0.28
-0.285
-0.305
-0.295
-0.335
-0.345
-0.305
-0.33
-0.33
-0.31
-0.315
-0.305
-0.315
-0.315
-0.32
-0.325
-0.33
-0.34
-0.33
-0.335
-0.34
-0.34
-0.305
-0.295
-0.305
-0.305
-0.31
-0.345
-0.335
-0.34
-0.33
-0.35
-0.335
-0.32
-0.305
-0.3
-0.315
-0.32
-0.33
-0.33
-0.34
-0.315
-0.31
-0.325
-0.31
-0.32
-0.305
-0.305
-0.31
-0.32
-0.33
-0.3
-0.32
-0.33
-0.32
-0.33
-0.295
-0.28
-0.29
-0.295
-0.31
-0.32
-0.32
-0.315
-0.325
-0.32
-0.32
-0.305
-0.29
-0.295
-0.29
-0.31
-0.31
-0.31
-0.32
-0.305
-0.295
-0.28
-0.275
-0.25
-0.265
-0.265
-0.26
-0.265
-0.29
-0.27
-0.25
-0.255
-0.24
-0.235
-0.21
-0.2
-0.16
-0.155
-0.135
-0.13
-0.135
-0.125
-0.085
-0.055
0.0
0.03
0.025
0.04
0.03
-0.035
-0.08
-0.11
-0.14
-0.185
-0.215
-0.2
-0.205
-0.225
-0.225
-0.245
-0.23
-0.23
-0.24
-0.205
-0.13
-0.07
0.115
0.44
0.775
0.98
1.165
1.265
0.99
0.12
-0.79
-1.365
-1.535
-1.455
-1.26
-0.98
-0.715
-0.5
-0.4
-0.35
-0.295
-0.28
-0.275
-0.245
-0.24
-0.225
-0.24
-0.22
-0.195
-0.22
-0.245
-0.245
-0.26
-0.26
-0.26
-0.24
-0.225
-0.2
-0.22
-0.22
-0.23
-0.25
-0.275
-0.285
-0.28
-0.27
-0.26
-0.25
-0.255
-0.27
-0.275
-0.29
-0.335
-0.35
-0.345
-0.36
-0.36
-0.36
-0.355
-0.365
-0.36
-0.405
-0.44
-0.49
-0.48
-0.5
-0.51
-0.525
-0.505
-0.505
-0.515
-0.505
-0.51
-0.54
-0.545
-0.515
-0.54
-0.55
-0.555
-0.53
-0.5
-0.46
-0.415
-0.375
-0.36
-0.33
-0.285
-0.245
-0.21
-0.17
-0.11
-0.05
0.005
0.035
0.06
0.085
0.08
0.075
0.1
0.11
0.12
0.135
0.145
0.155
0.135
0.145
0.125
0.12
0.095
0.11
0.105
0.105
0.1
0.08
0.085
0.125
0.13
0.095
0.105
0.1
0.08
0.09
0.09
0.1
0.125
0.1
0.095
0.1
0.09
0.055
0.065
0.055
0.05
0.06
0.055
0.075
0.075
0.095
0.1
0.09
0.08
0.045
0.05
0.065
0.085
0.07
0.11
0.11
0.11
0.105
0.1
0.085
0.08
0.075
0.075
0.08
0.075
0.08
0.11
0.105
0.09
0.11
0.1
0.07
0.07
0.095
0.08
0.095
0.095
0.09
0.08
0.09
0.12
0.1
0.1
0.095
0.06
0.07
0.065
0.095
0.11
0.11
0.115
0.125
0.145
0.165
0.175
0.18
0.19
0.225
0.235
0.275
0.3
0.27
0.255
0.28
0.245
0.175
0.155
0.12
0.105
0.115
0.105
0.065
0.065
0.035
0.04
0.03
0.045
0.05
0.075
0.12
0.19
0.32
0.555
0.91
1.27
1.475
1.615
1.43
0.665
-0.32
-0.985
-1.235
-1.175
-1.03
-0.87
-0.615
-0.4
-0.25
-0.155
-0.13
-0.06
-0.035
-0.01
0.005
0.025
0.02
0.015
0.02
0.01
0.02
0.005
-0.005
-0.015
0.01
0.045
0.03
0.02
0.005
-0.015
-0.04
-0.06
-0.045
-0.08
-0.075
-0.085
-0.07
-0.08
-0.11
-0.08
-0.115
-0.145
-0.19
-0.175
-0.19
-0.21
-0.24
-0.26
-0.295
-0.31
-0.345
-0.36
-0.42
-0.43
-0.45
-0.495
-0.52
-0.54
-0.535
-0.515
-0.555
-0.575
-0.59
-0.615
-0.625
-0.62
-0.64
-0.62
-0.57
-0.53
-0.475
-0.435
-0.415
-0.365
-0.31
-0.265
-0.235
-0.195
-0.15
-0.085
-0.05
-0.005
0.01
0.02
0.035
0.08
0.09
0.08
0.09
0.085
0.11
0.155
0.165
0.185
0.165
0.155
0.155
0.135
0.15
0.15
0.13
0.16
0.17
0.155
0.15
0.135
0.145
0.125
0.105
0.125
0.1
0.1
0.095
0.115
0.13
0.11
0.1
0.075
0.07
0.07
0.06
0.055
0.085
0.07
0.065
0.095
0.085
0.06
0.055
0.035
0.015
0.03
0.04
0.035
0.035
0.05
0.05
0.055
0.045
0.03
0.03
0.03
0.04
0.04
0.02
0.035
0.035
0.025
0.01
0.02
0.01
0.015
0.01
-0.015
-0.005
0.005
-0.01
0.015
0.015
0.015
0.005
0.015
-0.02
-0.015
0.0
0.0
-0.01
0.01
0.03
0.03
0.015
0.035
0.035
0.075
0.08
0.09
0.085
0.14
0.175
0.175
0.175
0.16
0.155
0.165
0.14
0.105
0.09
0.055
0.015
0.02
0.025
0.02
-0.02
-0.045
-0.065
-0.085
-0.065
-0.05
-0.055
-0.03
0.06
0.155
0.33
0.625
0.94
1.135
1.245
1.245
0.755
-0.195
-1.01
-1.395
-1.44
-1.315
-1.13
-0.85
-0.57
-0.36
-0.275
-0.215
-0.16
-0.12
-0.11
-0.105
-0.085
-0.09
-0.08
-0.065
-0.07
-0.1
-0.125
-0.125
-0.125
-0.13
-0.105
-0.115
-0.1
-0.11
-0.13
-0.135
-0.155
-0.185
-0.185
-0.18
-0.195
-0.185
-0.2
-0.21
-0.21
-0.26
-0.27
-0.29
-0.31
-0.32
-0.35
-0.385
-0.385
-0.405
-0.435
-0.46
-0.5
-0.535
-0.555
-0.585
-0.6
-0.63
-0.65
-0.68
-0.685
-0.73
-0.755
-0.76
-0.785
-0.82
-0.815
-0.82
-0.815
-0.79
-0.79
-0.73
-0.7
-0.67
-0.61
-0.595
-0.54
-0.475
-0.415
-0.36
-0.335
-0.275
-0.205
-0.155
-0.125
-0.095
-0.085
-0.055
-0.065
-0.055
-0.02
0.0
0.0
0.01
0.025
0.04
0.005
0.005
0.0
-0.01
-0.005
-0.005
0.0
0.005
0.035
0.035
0.015
0.01
0.0
-0.005
-0.01
-0.035
-0.02
-0.025
-0.04
-0.015
-0.02
-0.025
-0.025
-0.04
-0.045
-0.06
-0.07
-0.06
-0.065
-0.08
-0.04
-0.03
-0.045
-0.04
-0.05
-0.055
-0.075
-0.08
-0.085
-0.09
-0.065
-0.05
-0.05
-0.04
-0.045
-0.075
-0.09
-0.115
-0.1
-0.095
-0.085
-0.09
-0.085
-0.07
-0.06
-0.065
-0.075
-0.085
-0.105
-0.09
-0.095
-0.085
-0.09
-0.075
-0.075
-0.075
-0.07
-0.085
-0.085
-0.085
-0.1
-0.105
-0.11
-0.09
-0.075
-0.08
-0.05
-0.05
-0.04
-0.025
-0.02
0.025
0.025
0.035
0.055
0.085
0.085
0.085
0.03
0.035
0.065
0.02
0.0
-0.03
-0.06
-0.095
-0.1
-0.1
-0.12
-0.145
-0.16
-0.185
-0.19
-0.19
-0.19
-0.16
-0.1
-0.045
0.115
0.39
0.73
0.99
1.11
1.23
1.065
0.34
-0.63
-1.3
-1.55
-1.505
-1.32
-1.06
-0.775
-0.555
-0.43
-0.35
-0.31
-0.27
-0.27
-0.25
-0.26
-0.235
-0.235
-0.245
-0.26
-0.26
-0.275
-0.26
-0.295
-0.28
-0.29
-0.28
-0.29
-0.285
-0.285
-0.305
-0.305
-0.32
-0.355
-0.355
-0.36
-0.37
-0.38
-0.38
-0.375
-0.37
-0.38
-0.4
-0.445
-0.45
-0.49
-0.515
-0.545
-0.56
-0.57
-0.57
-0.605
-0.63
-0.665
-0.715
-0.745
-0.8
-0.81
-0.83
-0.845
-0.85
-0.89
-0.91
-0.92
-0.92
-0.96
-0.97
-0.975
-0.99
-0.995
-0.945
-0.89
-0.84
-0.815
-0.775
-0.715
-0.685
-0.64
-0.59
-0.5
-0.44
-0.38
-0.31
-0.265
-0.23
-0.195
-0.205
-0.22
-0.18
-0.18
-0.175
-0.16
-0.145
-0.115
-0.11
-0.125
-0.135
-0.15
-0.16
-0.16
-0.16
-0.14
-0.17
-0.175
-0.145
-0.145
-0.15
-0.155
-0.16
-0.16
-0.18
-0.205
-0.19
-0.19
-0.19
-0.175
-0.165
-0.175
-0.175
-0.2
-0.185
-0.2
-0.2
-0.2
-0.205
-0.21
-0.205
-0.21
-0.2
-0.21
-0.225
-0.225
-0.25
-0.255
-0.215
-0.22
-0.23
-0.2
-0.22
-0.21
-0.21
-0.21
-0.245
-0.23
-0.225
-0.24
-0.22
-0.22
-0.2
-0.215
-0.22
-0.23
-0.215
-0.22
-0.25
-0.255
-0.24
-0.23
-0.22
-0.21
-0.21
-0.23
-0.23
-0.23
-0.24
-0.245
-0.22
-0.235
-0.22
-0.2
-0.17
-0.135
-0.085
-0.08
-0.1
-0.07
-0.09
-0.075
-0.06
-0.08
-0.08
-0.04
-0.035
-0.07
-0.07
-0.11
-0.16
-0.18
-0.22
-0.255
-0.26
-0.27
-0.28
-0.255
-0.25
-0.23
-0.23
-0.21
-0.155
-0.09
0.065
0.38
0.73
0.95
1.115
1.205
0.84
-0.095
-0.97
-1.5
-1.595
-1.52
-1.305
-0.99
-0.715
-0.535
-0.405
-0.35
-0.315
-0.32
-0.325
-0.325
-0.325
-0.325
-0.3
-0.28
-0.28
-0.27
-0.29
-0.295
-0.31
-0.32
-0.32
-0.355
-0.37
-0.365
-0.34
-0.33
-0.33
-0.335
-0.355
-0.365
-0.39
-0.385
-0.39
-0.38
-0.41
-0.425
-0.44
-0.45
-0.45
-0.465
-0.485
-0.54
-0.565
-0.595
-0.62
-0.66
-0.66
-0.66
-0.67
-0.715
-0.75
-0.78
-0.825
-0.855
-0.87
-0.9
-0.9
-0.905
-0.9
-0.93
-0.93
-0.94
-0.96
-0.94
-0.91
-0.885
-0.85
-0.8
-0.73
-0.66
-0.585
-0.525
-0.48
-0.42
-0.375
-0.34
-0.295
-0.245
-0.205
-0.19
-0.15
-0.125
-0.13
-0.105
-0.1
-0.1
-0.105
-0.12
-0.13
-0.13
-0.115
-0.12
-0.095
-0.09
-0.09
-0.09
-0.12
-0.135
-0.14
-0.14
-0.13
-0.13
-0.14
-0.14
-0.12
-0.14
-0.135
-0.15
-0.145
-0.16
-0.17
-0.175
-0.19
-0.19
-0.17
-0.16
-0.17
-0.175
-0.18
-0.195
-0.205
-0.23
-0.2
-0.205
-0.205
-0.21
-0.195
-0.19
-0.17
-0.19
-0.215
-0.22
-0.205
-0.21
-0.2
-0.195
-0.185
-0.195
-0.185
-0.175
-0.225
-0.205
-0.21
-0.215
-0.23
-0.23
-0.225
-0.2
-0.195
-0.175
-0.18
-0.165
-0.16
-0.19
-0.19
-0.21
-0.21
-0.21
-0.185
-0.18
-0.18
-0.17
-0.16
-0.16
-0.13
-0.135
-0.095
-0.06
-0.055
-0.04
-0.03
-0.005
0.01
-0.015
-0.035
-0.025
-0.04
-0.085
-0.12
-0.12
-0.105
-0.12
-0.15
-0.165
-0.18
-0.22
