500
1250
1
Lead 1
-0.305
-0.315
-0.305
-0.305
-0.295
-0.295
-0.295
-0.29
-0.27
-0.25
-0.27
-0.255
-0.25
-0.3
-0.23
0.005
0.4
0.74
1.035
0.91
0.115
-0.875
-1.46
-1.715
-1.725
-1.59
-1.365
-1.005
-0.64
-0.35
-0.165
-0.13
-0.115
-0.145
-0.145
-0.165
-0.19
-0.195
-0.2
-0.2
-0.175
-0.19
-0.21
-0.23
-0.23
-0.27
-0.29
-0.33
-0.325
-0.33
-0.355
-0.36
-0.345
-0.32
-0.33
-0.33
-0.36
-0.365
-0.4
-0.42
-0.43
-0.45
-0.47
-0.455
-0.47
-0.47
-0.505
-0.52
-0.57
-0.595
-0.61
-0.63
-0.64
-0.65
-0.65
-0.64
-0.64
-0.635
-0.655
-0.665
-0.67
-0.655
-0.625
-0.615
-0.56
-0.5
-0.455
-0.395
-0.34
-0.295
-0.24
-0.22
-0.195
-0.145
-0.11
-0.07
-0.05
-0.03
-0.03
-0.03
-0.025
-0.05
-0.07
-0.08
-0.08
-0.1
-0.11
-0.105
-0.1
-0.1
-0.115
-0.125
-0.13
-0.15
-0.145
-0.16
-0.16
-0.15
-0.135
-0.15
-0.145
-0.17
-0.17
-0.19
-0.18
-0.195
-0.21
-0.21
-0.21
-0.195
-0.17
-0.15
-0.165
-0.195
-0.195
-0.22
-0.21
-0.24
-0.225
-0.205
-0.19
-0.145
-0.115
-0.07
0.005
0.06
0.09
0.11
0.14
0.12
0.06
0.06
0.035
0.01
-0.04
-0.095
-0.13
-0.19
-0.24
-0.265
-0.29
-0.27
-0.27
-0.265
-0.255
-0.255
-0.245
-0.24
-0.24
-0.2
-0.165
-0.14
0.01
0.295
0.66
0.87
1.045
1.105
0.715
-0.24
-1.11
-1.545
-1.645
-1.585
-1.345
-1.0
-0.715
-0.51
-0.41
-0.36
-0.33
-0.3
-0.33
-0.3
-0.305
-0.3
-0.285
-0.28
-0.28
-0.26
-0.255
-0.255
-0.3
-0.32
-0.33
-0.32
-0.305
-0.335
-0.3
-0.295
-0.3
-0.28
-0.31
-0.335
-0.36
-0.37
-0.395
-0.415
-0.42
-0.41
-0.41
-0.44
-0.41
-0.43
-0.475
-0.495
-0.52
-0.53
-0.54
-0.565
-0.57
-0.585
-0.59
-0.615
-0.64
-0.675
-0.7
-0.72
-0.715
-0.7
-0.745
-0.71
-0.705
-0.705
-0.69
-0.68
-0.69
-0.66
-0.655
-0.61
-0.55
-0.49
-0.405
-0.35
-0.3
-0.23
-0.195
-0.14
-0.1
-0.09
-0.05
-0.03
0.005
0.015
0.055
0.065
0.06
0.08
0.06
0.035
0.045
0.03
0.05
0.035
0.045
0.06
0.09
0.085
0.08
0.055
0.05
0.025
0.02
0.02
0.035
0.035
0.025
0.045
0.02
0.035
0.045
0.01
-0.015
-0.02
-0.015
-0.005
-0.01
0.01
0.04
0.03
0.035
0.025
0.015
0.025
0.03
0.015
0.0
-0.01
0.015
0.03
0.035
0.015
0.005
0.005
-0.02
-0.01
-0.015
0.0
-0.005
0.005
0.01
0.02
0.01
0.0
-0.005
0.015
0.0
0.02
0.005
0.025
0.035
0.045
0.06
0.06
0.045
0.01
0.02
0.005
0.015
0.02
0.01
0.02
0.05
0.045
0.025
0.03
0.025
0.02
0.015
0.02
0.04
0.06
0.045
0.035
0.025
0.025
0.02
0.02
0.01
-0.01
0.005
0.015
0.035
0.035
0.005
0.03
0.06
0.04
0.025
0.045
0.02
0.015
0.015
0.035
0.025
0.055
0.095
0.12
0.155
0.19
0.175
0.17
0.15
0.17
0.205
0.23
0.245
0.255
0.315
0.26
0.205
0.18
0.13
0.06
0.03
0.02
0.0
-0.035
-0.045
-0.025
0.0
0.005
0.02
0.04
0.12
0.17
0.34
0.635
1.025
1.26
1.495
1.53
1.05
0.12
-0.73
-1.215
-1.275
-1.185
-1.07
-0.85
-0.56
-0.315
-0.165
-0.12
-0.09
-0.07
-0.065
-0.06
-0.065
-0.04
-0.025
-0.02
-0.02
-0.015
-0.02
-0.015
-0.04
-0.045
-0.04
-0.04
0.0
0.005
-0.005
0.0
-0.01
-0.03
-0.065
-0.08
-0.11
-0.12
-0.09
-0.085
-0.09
-0.125
-0.125
-0.125
-0.11
-0.14
-0.2
-0.245
-0.26
-0.275
-0.305
-0.305
-0.315
-0.295
-0.31
-0.315
-0.355
-0.395
-0.415
-0.425
-0.435
-0.445
-0.465
-0.435
-0.43
-0.425
-0.43
-0.435
-0.4
-0.34
-0.33
-0.275
-0.25
-0.215
-0.145
-0.075
-0.025
0.0
0.015
0.005
0.0
0.0
0.05
0.07
0.095
0.125
0.105
0.11
0.1
0.075
0.075
0.09
0.1
0.105
0.095
0.095
0.105
0.11
0.105
0.11
0.105
0.085
0.06
0.075
0.065
0.065
0.07
0.09
0.1
0.095
0.115
0.09
0.055
0.035
0.05
0.045
0.05
0.055
0.05
0.045
0.05
0.05
0.045
0.035
0.05
0.015
0.015
0.04
0.09
0.15
0.17
0.235
0.435
0.775
1.125
1.325
1.335
0.94
0.0
-0.92
-1.36
-1.43
-1.325
-1.145
-0.845
-0.555
-0.325
-0.19
-0.115
-0.04
-0.025
-0.01
-0.005
0.0
-0.005
0.01
-0.02
-0.01
-0.025
-0.02
-0.025
-0.02
-0.02
-0.025
-0.03
-0.03
-0.045
-0.05
-0.085
-0.075
-0.06
-0.09
-0.1
-0.1
-0.1
-0.115
-0.105
-0.115
-0.16
-0.19
-0.2
-0.25
-0.245
-0.28
-0.265
-0.285
-0.305
-0.35
-0.385
-0.405
-0.425
-0.475
-0.47
-0.475
-0.485
-0.48
-0.51
-0.515
-0.495
-0.505
-0.5
-0.455
-0.425
-0.385
-0.33
-0.3
-0.24
-0.2
-0.115
-0.08
-0.075
-0.045
-0.035
-0.01
-0.02
0.01
0.025
0.03
0.015
-0.005
-0.005
-0.04
-0.06
-0.095
-0.08
-0.09
-0.1
-0.085
-0.105
-0.115
-0.12
-0.12
-0.15
-0.16
-0.17
-0.18
-0.17
-0.185
-0.19
-0.18
-0.185
-0.215
-0.215
-0.22
-0.235
-0.225
-0.235
-0.275
-0.26
-0.24
-0.25
-0.24
-0.225
-0.265
-0.275
-0.275
-0.23
-0.195
-0.15
-0.07
-0.02
0.015
0.025
0.025
0.025
-0.02
-0.075
-0.12
-0.14
-0.17
-0.23
-0.275
-0.335
-0.375
-0.38
-0.405
-0.43
-0.445
-0.425
-0.435
-0.39
-0.29
-0.225
-0.095
0.17
0.48
0.685
0.78
0.86
0.59
-0.26
-1.205
-1.72
-1.885
-1.785
-1.575
-1.295
-1.02
-0.825
-0.705
-0.645
-0.61
-0.59
-0.555
-0.545
-0.54
-0.545
-0.54
-0.54
-0.555
-0.55
-0.57
-0.58
-0.58
-0.6
-0.585
-0.58
-0.6
-0.62
-0.65
-0.64
-0.665
-0.67
-0.665
-0.695
-0.715
-0.7
-0.705
-0.7
-0.73
-0.725
-0.755
-0.79
-0.83
-0.835
-0.88
-0.89
-0.89
-0.91
-0.915
-0.945
-0.99
-1.04
-1.055
-1.055
-1.065
-1.085
-1.11
-1.125
-1.115
-1.145
-1.16
-1.17
-1.19
-1.17
-1.185
-1.18
-1.155
-1.145
-1.09
-1.035
-0.95
-0.895
-0.845
-0.825
-0.77
-0.725
-0.66
-0.635
-0.57
-0.52
-0.47
-0.435
-0.41
-0.42
-0.43
-0.44
-0.43
-0.415
-0.415
-0.445
-0.405
-0.42
-0.42
-0.425
-0.415
-0.435
-0.45
-0.445
-0.46
-0.43
-0.47
-0.445
-0.465
-0.46
-0.46
-0.465
-0.485
-0.495
-0.5
-0.52
-0.525
-0.525
-0.52
-0.52
-0.48
-0.5
-0.525
-0.53
-0.54
-0.545
-0.555
-0.555
-0.555
-0.545
-0.54
-0.54
-0.53
-0.54
-0.56
-0.58
-0.59
-0.595
-0.595
-0.57
-0.57
-0.575
-0.555
-0.57
-0.575
-0.595
-0.605
-0.62
-0.62
-0.62
-0.61
-0.6
-0.585
-0.585
-0.595
-0.605
-0.595
-0.59
-0.635
-0.605
-0.615
-0.615
-0.62
-0.58
-0.57
-0.605
-0.6
-0.615
-0.635
-0.64
-0.65
-0.64
-0.625
-0.625
-0.595
-0.61
-0.585
-0.61
-0.62
-0.65
-0.64
-0.63
-0.64
-0.655
-0.63
-0.62
-0.625
-0.615
-0.635
-0.63
-0.635
-0.66
-0.65
-0.665
-0.655
-0.645
-0.635
-0.615
-0.61
-0.64
-0.625
-0.65
-0.66
-0.665
-0.66
-0.65
-0.61
-0.56
-0.545
-0.5
-0.51
-0.51
-0.52
-0.505
-0.51
-0.495
-0.49
-0.49
-0.49
-0.51
-0.53
-0.57
-0.58
-0.63
-0.65
-0.675
-0.695
-0.725
-0.72
-0.705
-0.7
-0.7
-0.69
-0.665
-0.635
-0.58
-0.475
-0.195
0.16
0.44
0.595
0.72
0.62
-0.1
-1.05
-1.74
-2.025
-2.065
-1.895
-1.63
-1.325
-1.07
-0.94
-0.87
-0.795
-0.77
-0.795
-0.8
-0.8
-0.79
-0.79
-0.76
-0.745
-0.735
-0.75
-0.77
-0.765
-0.785
-0.805
-0.8
-0.79
-0.815
-0.81
-0.785
-0.79
-0.8
-0.79
-0.815
-0.815
-0.835
-0.86
-0.845
-0.875
-0.865
-0.875
-0.86
-0.845
-0.89
-0.925
-0.97
-0.975
-0.995
-1.005
-1.04
-1.06
-1.035
-1.06
-1.07
-1.085
-1.105
-1.135
-1.15
-1.155
-1.19
-1.19
-1.215
-1.21
-1.21
-1.225
-1.23
-1.24
-1.235
-1.215
-1.185
-1.165
-1.125
-1.06
-1.01
-0.965
-0.93
-0.855
-0.795
-0.73
-0.665
-0.64
-0.64
-0.59
-0.555
-0.54
-0.535
-0.52
-0.505
-0.54
-0.55
-0.56
-0.58
-0.575
-0.575
-0.545
-0.53
-0.55
-0.545
-0.54
-0.56
-0.565
-0.58
-0.58
-0.565
-0.565
-0.575
-0.57
-0.585
-0.58
-0.57
-0.59
-0.615
-0.625
-0.62
-0.62
-0.605
-0.59
-0.58
-0.58
-0.59
-0.595
-0.61
-0.62
-0.61
-0.6
-0.605
-0.6
-0.58
-0.575
-0.55
-0.545
-0.575
-0.605
-0.545
-0.33
0.055
0.425
0.71
0.565
-0.325
-1.26
-1.8
-2.02
-2.015
-1.925
-1.765
-1.495
-1.14
-0.815
-0.63
-0.545
-0.535
-0.505
-0.505
-0.52
-0.51
-0.495
-0.525
-0.52
-0.49
-0.5
-0.52
-0.515
-0.52
-0.545
-0.57
-0.595
-0.61
-0.6
-0.615
-0.605
-0.615
-0.625
-0.615
-0.64
-0.655
-0.66
-0.68
-0.68
-0.71
-0.73
-0.735
-0.73
-0.75
-0.77
-0.77
-0.8
-0.825
-0.86
-0.91
-0.925
-0.925
-0.915
-0.91
-0.905
-0.925
-0.94
-0.965
-0.98
-0.96
-0.96
-0.935
-0.905
-0.86
-0.825
-0.78
-0.74
-0.675
-0.635
-0.59
-0.525
-0.505
-0.465
-0.445
-0.4
-0.375
-0.345
-0.355
-0.35
-0.38
-0.38
-0.405
-0.425
-0.435
-0.44
-0.44
-0.44
-0.445
-0.43
-0.44
-0.485
-0.5
-0.485
-0.5
-0.505
-0.49
-0.49
-0.48
-0.485
-0.48
-0.49
-0.5
-0.505
-0.505
-0.53
-0.52
-0.55
-0.52
-0.485
-0.495
-0.51
-0.49
-0.51
-0.505
-0.53
-0.53
-0.52
-0.52
-0.485
-0.455
-0.425
-0.38
-0.3
-0.24
-0.2
-0.18
-0.16
-0.17
-0.21
-0.215
-0.235
-0.285
-0.315
-0.365
-0.435
-0.495
-0.535
-0.56
-0.58
-0.56
-0.57
-0.56
-0.535
-0.535
-0.53
-0.55
-0.53
-0.48
-0.445
-0.365
-0.125
0.225
0.535
0.72
0.845
0.705
-0.025
-1.01
-1.665
-1.94
-1.94
-1.725
-1.415
-1.07
-0.825
-0.72
-0.655
-0.64
-0.64
