500
1250
1
Lead 1
-0.155
-0.16
-0.14
-0.09
-0.055
-0.03
0.055
0.145
0.18
0.095
-0.145
-0.42
-0.555
-0.52
-0.46
-0.365
-0.31
-0.3
-0.315
-0.305
-0.33
-0.345
-0.395
-0.39
-0.36
-0.305
-0.21
-0.16
-0.14
-0.125
-0.11
-0.1
-0.09
-0.08
-0.08
-0.09
-0.075
-0.09
-0.065
-0.055
-0.05
-0.075
-0.055
-0.05
-0.04
-0.055
-0.02
-0.035
-0.01
-0.01
0.025
0.055
0.07
0.07
0.06
0.08
0.095
0.115
0.115
0.13
0.15
0.155
0.165
0.175
0.185
0.2
0.195
0.21
0.2
0.195
0.165
0.15
0.145
0.14
0.11
0.065
0.05
0.02
0.0
-0.01
-0.025
-0.025
-0.045
-0.06
-0.06
-0.07
-0.055
-0.08
-0.08
-0.09
-0.09
-0.1
-0.095
-0.13
-0.13
-0.12
-0.135
-0.115
-0.11
-0.08
-0.095
-0.115
-0.1
-0.105
-0.09
-0.115
-0.115
-0.095
-0.11
-0.11
-0.11
-0.15
-0.145
-0.14
-0.155
-0.14
-0.145
-0.145
-0.155
-0.165
-0.16
-0.17
-0.195
-0.19
-0.2
-0.185
-0.185
-0.19
-0.185
-0.16
-0.16
-0.135
-0.045
0.12
0.31
0.495
0.595
0.56
0.315
-0.005
-0.21
-0.32
-0.355
-0.35
-0.34
-0.38
-0.425
-0.48
-0.51
-0.51
-0.47
-0.345
-0.215
-0.16
-0.14
-0.13
-0.14
-0.14
-0.13
-0.12
-0.135
-0.125
-0.115
-0.115
-0.115
-0.115
-0.145
-0.14
-0.14
-0.145
-0.115
-0.13
-0.125
-0.115
-0.1
-0.11
-0.1
-0.095
-0.1
-0.09
-0.08
-0.07
-0.08
-0.08
-0.075
-0.075
-0.06
-0.07
-0.07
-0.065
-0.055
-0.04
-0.045
-0.05
-0.03
-0.03
-0.005
-0.025
-0.015
-0.015
-0.015
-0.015
-0.045
-0.04
-0.045
-0.05
-0.055
-0.06
-0.08
-0.095
-0.11
-0.12
-0.11
-0.14
-0.125
-0.12
-0.12
-0.125
-0.125
-0.11
-0.085
-0.125
-0.11
-0.1
-0.105
-0.105
-0.095
-0.095
-0.095
-0.085
-0.09
-0.075
-0.085
-0.1
-0.115
-0.105
-0.11
-0.115
-0.1
-0.11
-0.11
-0.11
-0.12
-0.09
-0.075
-0.06
-0.05
-0.07
-0.09
-0.11
-0.12
-0.14
-0.15
-0.17
-0.175
-0.18
-0.185
-0.175
-0.17
-0.17
-0.175
-0.15
-0.175
-0.165
-0.13
-0.015
0.185
0.37
0.52
0.555
0.415
0.135
-0.13
-0.26
-0.335
-0.37
-0.38
-0.39
-0.445
-0.5
-0.53
-0.565
-0.555
-0.485
-0.35
-0.23
-0.19
-0.19
-0.175
-0.14
-0.155
-0.13
-0.08
-0.08
-0.095
-0.095
-0.08
-0.08
-0.075
-0.08
-0.1
-0.105
-0.11
-0.12
-0.12
-0.135
-0.15
-0.15
-0.16
-0.15
-0.16
-0.13
-0.115
-0.11
-0.1
-0.09
-0.09
-0.095
-0.115
-0.09
-0.085
-0.095
-0.1
-0.08
-0.06
-0.085
-0.07
-0.06
-0.045
-0.05
-0.04
-0.065
-0.075
-0.06
-0.065
-0.05
-0.055
-0.09
-0.09
-0.08
-0.095
-0.095
-0.085
-0.075
-0.095
-0.09
-0.08
-0.095
-0.125
-0.125
-0.12
-0.14
-0.135
-0.145
-0.17
-0.175
-0.16
-0.03
0.195
0.45
0.665
0.74
0.62
0.285
0.01
-0.155
-0.205
-0.3
-0.455
-0.55
-0.57
-0.5
-0.44
-0.3
-0.24
-0.195
-0.17
-0.13
-0.145
-0.145
-0.15
-0.13
-0.14
-0.14
-0.13
-0.135
-0.135
-0.155
-0.115
-0.135
-0.115
-0.09
-0.105
-0.085
-0.08
-0.1
-0.075
-0.08
-0.065
-0.07
-0.07
-0.065
-0.06
-0.07
-0.075
-0.09
-0.075
-0.065
-0.05
-0.035
-0.03
-0.025
-0.015
0.005
0.0
0.005
0.035
0.035
0.03
0.045
0.045
0.035
0.05
0.03
0.025
0.01
0.0
0.005
-0.01
-0.005
-0.02
-0.035
-0.04
-0.05
-0.055
-0.05
-0.075
-0.06
-0.03
-0.035
-0.03
-0.015
-0.03
-0.04
-0.02
-0.03
-0.03
-0.04
-0.03
-0.05
-0.065
-0.06
-0.06
-0.085
-0.105
-0.155
-0.1
0.015
0.175
0.35
0.475
0.44
0.185
-0.115
-0.315
-0.41
-0.43
-0.415
-0.405
-0.425
-0.44
-0.495
-0.535
-0.535
-0.54
-0.52
-0.52
-0.49
-0.415
-0.33
-0.28
-0.245
-0.235
-0.21
-0.21
-0.22
-0.225
-0.185
-0.18
-0.165
-0.165
-0.16
-0.155
-0.14
-0.135
-0.15
-0.14
-0.155
-0.16
-0.165
-0.175
-0.2
-0.23
-0.23
-0.25
-0.225
-0.23
-0.24
-0.21
-0.195
-0.19
-0.205
-0.185
-0.19
-0.18
-0.17
-0.205
-0.205
-0.2
-0.19
-0.205
-0.21
-0.22
-0.22
-0.22
-0.225
-0.205
-0.21
-0.19
-0.22
-0.225
-0.245
-0.235
-0.25
-0.235
-0.235
-0.225
-0.22
-0.185
-0.07
0.095
0.32
0.57
0.71
0.685
0.435
0.06
-0.225
-0.345
-0.385
-0.41
-0.425
-0.43
-0.435
-0.41
-0.43
-0.445
-0.465
-0.48
-0.455
-0.395
-0.305
-0.29
-0.275
-0.27
-0.25
-0.26
-0.26
-0.27
-0.26
-0.255
-0.25
-0.25
-0.24
-0.24
-0.23
-0.225
-0.215
-0.205
-0.195
-0.21
-0.185
-0.19
-0.185
-0.19
-0.19
-0.175
-0.16
-0.15
-0.105
-0.075
-0.055
-0.035
-0.025
-0.02
-0.03
-0.005
-0.01
-0.02
-0.025
-0.04
-0.035
-0.05
-0.06
-0.045
-0.06
-0.055
-0.08
-0.095
-0.11
-0.105
-0.12
-0.125
-0.115
-0.13
-0.13
-0.115
-0.125
-0.145
-0.11
-0.135
-0.14
-0.13
-0.055
0.095
0.3
0.555
0.74
0.775
0.575
0.205
-0.095
-0.255
-0.375
-0.415
-0.475
-0.56
-0.615
-0.61
-0.56
-0.45
-0.365
-0.31
-0.245
-0.21
-0.21
-0.22
-0.23
-0.235
-0.24
-0.245
-0.245
-0.235
-0.24
-0.25
-0.24
-0.22
-0.24
-0.23
-0.235
-0.235
-0.25
-0.225
-0.24
-0.23
-0.24
-0.255
-0.26
-0.24
-0.26
-0.25
-0.245
-0.255
-0.235
-0.23
-0.225
-0.24
-0.2
-0.195
-0.19
-0.17
-0.155
-0.135
-0.145
-0.125
-0.135
-0.115
-0.11
-0.12
-0.125
-0.095
-0.115
-0.125
-0.12
-0.1
-0.1
-0.08
-0.085
-0.095
-0.105
-0.13
-0.14
-0.145
-0.14
-0.16
-0.17
-0.16
-0.17
-0.18
-0.155
-0.155
-0.18
-0.18
-0.18
-0.195
-0.215
-0.215
-0.215
-0.22
-0.235
-0.215
-0.255
-0.25
-0.24
-0.285
-0.265
-0.27
-0.295
-0.28
-0.28
-0.275
-0.28
-0.275
-0.275
-0.305
-0.285
-0.275
-0.3
-0.31
-0.295
-0.31
-0.295
-0.295
-0.285
-0.255
-0.26
-0.235
-0.23
-0.2
-0.2
-0.21
-0.115
0.005
0.19
0.355
0.475
0.425
0.195
-0.13
-0.3
-0.405
-0.425
-0.445
-0.48
-0.505
-0.56
-0.6
-0.62
-0.605
-0.56
-0.46
-0.35
-0.305
-0.295
-0.295
-0.3
-0.315
-0.285
-0.28
-0.285
-0.3
-0.285
-0.285
-0.29
-0.27
-0.28
-0.275
-0.255
-0.265
-0.26
-0.265
-0.27
-0.25
-0.24
-0.22
-0.23
-0.215
-0.23
-0.235
-0.2
-0.195
-0.165
-0.155
-0.125
-0.125
-0.145
-0.135
-0.145
-0.15
-0.15
-0.15
-0.16
-0.15
-0.16
-0.145
-0.16
-0.155
-0.15
-0.15
-0.145
-0.15
-0.155
-0.155
-0.19
-0.2
-0.195
-0.205
-0.215
-0.21
-0.21
-0.21
-0.2
-0.2
-0.215
-0.195
-0.19
-0.2
-0.19
-0.195
-0.155
-0.05
0.135
0.41
0.655
0.8
0.74
0.45
0.125
-0.105
-0.31
-0.445
-0.54
-0.555
-0.525
-0.48
-0.405
-0.315
-0.29
-0.27
-0.255
-0.245
-0.25
-0.27
-0.275
-0.28
-0.28
-0.275
-0.3
-0.295
-0.285
-0.295
-0.3
-0.275
-0.28
-0.285
-0.26
-0.31
-0.3
-0.3
-0.305
-0.3
-0.295
-0.315
-0.31
-0.285
-0.295
-0.285
-0.265
-0.255
-0.26
-0.225
-0.23
-0.215
-0.205
-0.195
-0.16
-0.17
-0.155
-0.125
-0.085
-0.055
-0.06
-0.03
-0.035
-0.03
-0.005
-0.03
-0.03
-0.06
-0.065
-0.085
-0.09
-0.095
-0.115
-0.15
-0.155
-0.16
-0.18
-0.205
-0.19
-0.195
-0.2
-0.195
-0.215
-0.22
-0.225
-0.24
-0.26
-0.27
-0.275
-0.28
-0.295
-0.28
-0.28
-0.285
-0.28
-0.28
-0.29
-0.295
-0.3
-0.315
-0.315
-0.29
-0.305
-0.3
-0.3
-0.305
-0.31
-0.275
-0.265
-0.25
-0.23
-0.24
-0.24
-0.23
-0.26
-0.24
-0.26
-0.255
-0.275
-0.28
-0.265
-0.275
-0.285
-0.29
-0.275
-0.28
-0.285
-0.265
-0.255
-0.245
-0.255
-0.27
-0.25
-0.175
-0.015
0.15
0.32
0.44
0.405
0.19
-0.1
-0.335
-0.435
-0.46
-0.48
-0.5
-0.52
-0.58
-0.615
-0.64
-0.675
-0.64
-0.56
-0.455
-0.38
-0.335
-0.35
-0.36
-0.33
-0.3
-0.3
-0.305
-0.27
-0.235
-0.225
-0.2
-0.205
-0.205
-0.215
-0.23
-0.225
-0.215
-0.235
-0.265
-0.285
-0.285
-0.28
-0.315
-0.305
-0.3
-0.31
-0.3
-0.29
-0.305
-0.305
-0.3
-0.31
-0.3
-0.305
-0.295
-0.28
-0.275
-0.305
-0.29
-0.26
-0.28
-0.24
-0.23
-0.255
-0.245
-0.255
-0.235
-0.23
-0.215
-0.205
-0.165
-0.16
-0.105
-0.045
-0.02
-0.105
-0.195
-0.135
-0.025
-0.02
-0.05
0.0
0.02
-0.115
-0.035
0.27
0.245
-0.045
-0.255
-0.13
0.045
0.155
0.16
0.005
-0.165
-0.27
-0.375
-0.495
-0.565
-0.46
-0.41
-0.435
-0.52
-0.54
-0.515
-0.5
-0.515
-0.47
-0.4
-0.38
-0.345
-0.25
-0.115
-0.13
-0.225
-0.365
-0.45
-0.42
-0.275
-0.145
-0.195
-0.375
-0.455
-0.405
-0.35
-0.31
-0.31
-0.25
-0.205
-0.165
-0.22
-0.285
-0.285
-0.275
-0.235
-0.175
-0.145
-0.145
-0.19
-0.195
-0.185
-0.17
-0.145
-0.145
-0.135
-0.145
-0.165
-0.24
-0.22
-0.18
-0.13
-0.09
-0.09
-0.13
-0.225
-0.275
-0.245
-0.25
-0.24
-0.24
-0.26
-0.3
-0.31
-0.32
-0.33
-0.315
-0.32
-0.31
-0.315
-0.34
-0.32
-0.31
-0.27
-0.215
-0.25
-0.285
-0.24
-0.16
0.06
0.325
0.48
0.345
-0.05
-0.405
-0.55
-0.57
-0.6
-0.615
-0.655
-0.705
-0.71
-0.685
-0.585
-0.46
-0.365
-0.325
-0.31
-0.32
-0.35
-0.33
-0.355
-0.37
-0.355
-0.315
-0.32
-0.32
-0.335
-0.35
-0.405
-0.395
-0.39
-0.365
-0.3
-0.255
-0.31
-0.42
-0.445
-0.43
-0.41
-0.37
-0.375
-0.365
-0.35
-0.33
-0.34
-0.355
-0.32
-0.305
-0.32
-0.275
-0.265
-0.24
-0.23
-0.25
-0.23
-0.245
-0.22
-0.22
-0.22
-0.19
-0.15
-0.13
-0.175
-0.16
-0.17
-0.15
-0.14
-0.15
-0.16
-0.17
-0.185
-0.18
-0.23
-0.275
-0.3
-0.31
-0.29
-0.29
-0.305
-0.295
-0.3
-0.3
-0.245
-0.16
-0.005
0.16
0.38
0.505
0.53
0.33
-0.015
-0.32
-0.465
-0.51
