500
1250
1
Lead 1
-0.55
-0.54
-0.58
-0.605
-0.655
-0.69
-0.705
-0.71
-0.635
-0.51
-0.405
-0.385
-0.36
-0.35
-0.35
-0.3
-0.285
-0.29
-0.29
-0.255
-0.25
-0.255
-0.26
-0.26
-0.265
-0.28
-0.295
-0.335
-0.355
-0.345
-0.355
-0.36
-0.36
-0.355
-0.375
-0.36
-0.35
-0.355
-0.33
-0.335
-0.33
-0.305
-0.3
-0.28
-0.27
-0.28
-0.24
-0.25
-0.235
-0.25
-0.24
-0.25
-0.26
-0.245
-0.24
-0.265
-0.26
-0.275
-0.28
-0.28
-0.275
-0.3
-0.32
-0.315
-0.33
-0.32
-0.34
-0.315
-0.305
-0.27
-0.25
-0.245
-0.255
-0.265
-0.265
-0.295
-0.285
-0.31
-0.33
-0.35
-0.365
-0.375
-0.385
-0.395
-0.385
-0.39
-0.38
-0.385
-0.435
-0.435
-0.38
-0.25
-0.06
0.11
0.215
0.16
-0.035
-0.31
-0.49
-0.58
-0.605
-0.635
-0.64
-0.68
-0.74
-0.765
-0.8
-0.775
-0.73
-0.625
-0.505
-0.44
-0.41
-0.39
-0.385
-0.395
-0.39
-0.365
-0.36
-0.365
-0.31
-0.275
-0.255
-0.225
-0.24
-0.26
-0.285
-0.31
-0.31
-0.35
-0.33
-0.35
-0.34
-0.35
-0.375
-0.375
-0.36
-0.365
-0.375
-0.385
-0.375
-0.385
-0.365
-0.37
-0.355
-0.35
-0.35
-0.35
-0.34
-0.335
-0.325
-0.32
-0.33
-0.32
-0.305
-0.285
-0.29
-0.28
-0.26
-0.26
-0.26
-0.255
-0.275
-0.27
-0.27
-0.295
-0.29
-0.28
-0.295
-0.305
-0.29
-0.285
-0.245
-0.225
-0.21
-0.225
-0.23
-0.255
-0.25
-0.25
-0.255
-0.28
-0.31
-0.32
-0.31
-0.32
-0.315
-0.32
-0.315
-0.32
-0.315
-0.305
-0.315
-0.325
-0.335
-0.32
-0.33
-0.33
-0.34
-0.355
-0.335
-0.34
-0.34
-0.34
-0.325
-0.32
-0.33
-0.33
-0.345
-0.35
-0.34
-0.36
-0.345
-0.32
-0.345
-0.35
-0.35
-0.34
-0.325
-0.35
-0.33
-0.35
-0.335
-0.33
-0.315
-0.32
-0.32
-0.325
-0.32
-0.325
-0.335
-0.33
-0.32
-0.34
-0.35
-0.35
-0.38
-0.35
-0.335
-0.37
-0.375
-0.37
-0.36
-0.36
-0.355
-0.335
-0.365
-0.365
-0.35
-0.33
-0.34
-0.34
-0.345
-0.34
-0.32
-0.285
-0.165
0.04
0.21
0.34
0.35
0.17
-0.15
-0.35
-0.45
-0.5
-0.535
-0.52
-0.54
-0.58
-0.64
-0.67
-0.68
-0.68
-0.605
-0.495
-0.4
-0.33
-0.3
-0.295
-0.29
-0.29
-0.29
-0.3
-0.295
-0.305
-0.3
-0.295
-0.305
-0.325
-0.31
-0.32
-0.32
-0.325
-0.335
-0.32
-0.3
-0.3
-0.29
-0.295
-0.29
-0.31
-0.295
-0.33
-0.32
-0.315
-0.32
-0.34
-0.345
-0.325
-0.325
-0.32
-0.33
-0.345
-0.345
-0.335
-0.345
-0.335
-0.315
-0.29
-0.28
-0.28
-0.25
-0.245
-0.225
-0.22
-0.22
-0.19
-0.165
-0.185
-0.16
-0.175
-0.16
-0.185
-0.205
-0.215
-0.215
-0.22
-0.24
-0.23
-0.255
-0.255
-0.245
-0.255
-0.25
-0.235
-0.23
-0.235
-0.23
-0.23
-0.23
-0.22
-0.235
-0.25
-0.235
-0.245
-0.255
-0.24
-0.25
-0.255
-0.27
-0.285
-0.31
-0.315
-0.31
-0.3
-0.285
-0.295
-0.29
-0.285
-0.285
-0.26
-0.285
-0.285
-0.28
-0.295
-0.265
-0.28
-0.25
-0.255
-0.245
-0.23
-0.255
-0.26
-0.28
-0.275
-0.285
-0.29
-0.295
-0.3
-0.28
-0.28
-0.285
-0.295
-0.29
-0.285
-0.285
-0.305
-0.32
-0.33
-0.3
-0.295
-0.3
-0.32
-0.315
-0.3
-0.32
-0.325
-0.335
-0.355
-0.33
-0.35
-0.35
-0.33
-0.335
-0.315
-0.33
-0.33
-0.33
-0.32
-0.335
-0.315
-0.315
-0.315
-0.32
-0.32
-0.31
-0.305
-0.29
-0.275
-0.25
-0.265
-0.25
-0.245
-0.255
-0.255
-0.18
-0.035
0.14
0.295
0.39
0.325
0.075
-0.225
-0.36
-0.435
-0.455
-0.47
-0.485
-0.555
-0.595
-0.64
-0.65
-0.655
-0.54
-0.44
-0.37
-0.335
-0.345
-0.325
-0.31
-0.3
-0.31
-0.295
-0.285
-0.28
-0.255
-0.225
-0.235
-0.235
-0.245
-0.25
-0.24
-0.23
-0.21
-0.215
-0.2
-0.195
-0.225
-0.225
-0.195
-0.19
-0.16
-0.17
-0.19
-0.195
-0.205
-0.225
-0.23
-0.235
-0.265
-0.275
-0.27
-0.295
-0.28
-0.285
-0.295
-0.31
-0.285
-0.29
-0.28
-0.28
-0.27
-0.25
-0.26
-0.255
-0.245
-0.26
-0.25
-0.265
-0.27
-0.265
-0.245
-0.245
-0.28
-0.27
-0.265
-0.265
-0.265
-0.265
-0.27
-0.25
-0.25
-0.245
-0.225
-0.215
-0.235
-0.225
-0.065
0.145
0.295
0.36
0.235
-0.055
-0.285
-0.32
-0.34
-0.335
-0.33
-0.33
-0.375
-0.435
-0.48
-0.52
-0.525
-0.495
-0.4
-0.32
-0.265
-0.255
-0.27
-0.25
-0.25
-0.285
-0.255
-0.24
-0.24
-0.23
-0.21
-0.22
-0.195
-0.205
-0.21
-0.205
-0.18
-0.195
-0.175
-0.18
-0.175
-0.16
-0.165
-0.16
-0.135
-0.14
-0.13
-0.13
-0.08
-0.095
-0.08
-0.065
-0.06
-0.035
-0.03
0.01
0.01
0.015
0.025
0.025
0.015
-0.005
-0.025
-0.05
-0.045
-0.07
-0.1
-0.09
-0.125
-0.15
-0.17
-0.18
-0.195
-0.195
-0.2
-0.205
-0.195
-0.21
-0.195
-0.195
-0.2
-0.195
-0.18
-0.19
-0.165
-0.075
0.08
0.29
0.505
0.625
0.57
0.305
-0.04
-0.275
-0.39
-0.455
-0.465
-0.465
-0.5
-0.57
-0.59
-0.62
-0.61
-0.565
-0.445
-0.365
-0.275
-0.26
-0.255
-0.25
-0.23
-0.255
-0.23
-0.225
-0.225
-0.21
-0.23
-0.24
-0.255
-0.26
-0.255
-0.27
-0.275
-0.265
-0.27
-0.25
-0.255
-0.255
-0.26
-0.26
-0.26
-0.27
-0.295
-0.275
-0.29
-0.27
-0.265
-0.26
-0.24
-0.22
-0.23
-0.21
-0.21
-0.19
-0.195
-0.175
-0.16
-0.145
-0.16
-0.16
-0.135
-0.145
-0.15
-0.12
-0.14
-0.15
-0.165
-0.155
-0.15
-0.155
-0.16
-0.16
-0.155
-0.18
-0.215
-0.225
-0.17
0.005
0.27
0.54
0.715
0.73
0.515
0.13
-0.135
-0.245
-0.28
-0.325
-0.42
-0.495
-0.53
-0.515
-0.435
-0.36
-0.285
-0.26
-0.24
-0.235
-0.24
-0.24
-0.23
-0.23
-0.23
-0.225
-0.22
-0.22
-0.21
-0.21
-0.21
-0.215
-0.195
-0.22
-0.215
-0.21
-0.2
-0.19
-0.17
-0.175
-0.175
-0.175
-0.16
-0.145
-0.13
-0.135
-0.14
-0.15
-0.12
-0.12
-0.11
-0.115
-0.075
-0.08
-0.065
-0.03
0.005
-0.02
-0.015
-0.035
-0.03
-0.035
-0.045
-0.04
-0.08
-0.085
-0.105
-0.115
-0.12
-0.14
-0.145
-0.155
-0.15
-0.17
-0.075
0.115
0.385
0.6
0.695
0.545
0.21
-0.115
-0.3
-0.335
-0.385
-0.49
-0.58
-0.63
-0.65
-0.59
-0.505
-0.42
-0.38
-0.335
-0.29
-0.285
-0.28
-0.28
-0.295
-0.305
-0.295
-0.275
-0.265
-0.285
-0.275
-0.285
-0.275
-0.245
-0.23
-0.205
-0.22
-0.2
-0.21
-0.21
-0.215
-0.22
-0.225
-0.255
-0.24
-0.255
-0.265
-0.25
-0.235
-0.24
-0.25
-0.21
-0.21
-0.21
-0.205
-0.2
-0.175
-0.18
-0.16
-0.14
-0.14
-0.145
-0.145
-0.13
-0.145
-0.15
-0.15
-0.155
-0.165
-0.17
-0.155
-0.18
-0.195
-0.19
-0.2
-0.22
-0.235
-0.24
-0.235
-0.235
-0.225
-0.21
-0.2
-0.21
-0.215
-0.235
-0.23
-0.215
-0.22
-0.22
-0.22
-0.195
-0.19
-0.17
-0.155
-0.15
-0.195
-0.205
-0.21
-0.21
-0.215
-0.24
-0.25
-0.275
-0.255
-0.255
-0.27
-0.265
-0.265
-0.27
-0.245
-0.255
-0.265
-0.265
-0.26
-0.245
-0.23
-0.12
0.04
0.23
0.375
0.41
0.335
0.07
-0.215
-0.38
-0.45
-0.465
-0.485
-0.51
-0.54
-0.575
-0.595
-0.61
-0.61
-0.56
-0.42
-0.31
-0.265
-0.24
-0.245
-0.23
-0.24
-0.225
-0.235
-0.205
-0.2
-0.18
-0.145
-0.12
-0.13
-0.135
-0.125
-0.14
-0.14
-0.16
-0.175
-0.17
-0.18
-0.19
-0.19
-0.19
-0.195
-0.195
-0.2
-0.22
-0.21
-0.195
-0.18
-0.19
-0.18
-0.18
-0.18
-0.185
-0.2
-0.2
-0.19
-0.175
-0.17
-0.16
-0.15
-0.155
-0.145
-0.125
-0.17
-0.16
-0.14
-0.125
-0.14
-0.14
-0.12
-0.14
-0.14
-0.145
-0.155
-0.155
-0.165
-0.16
-0.175
-0.15
-0.125
-0.11
-0.11
-0.1
-0.045
0.06
0.27
0.52
0.745
0.825
0.725
0.44
0.125
-0.07
-0.255
-0.39
-0.475
-0.5
-0.545
-0.525
-0.44
-0.345
-0.3
-0.275
-0.245
-0.265
-0.26
-0.26
-0.235
-0.225
-0.24
-0.245
-0.24
-0.235
-0.245
-0.23
-0.23
-0.235
-0.25
-0.245
-0.25
-0.24
-0.225
-0.22
-0.23
-0.22
-0.215
-0.215
-0.23
-0.225
-0.225
-0.2
-0.19
-0.18
-0.15
-0.15
-0.16
-0.135
-0.13
-0.145
-0.125
-0.135
-0.135
-0.125
-0.125
-0.13
-0.135
-0.14
-0.14
-0.13
-0.14
-0.17
-0.15
-0.16
-0.185
-0.2
-0.18
-0.18
-0.19
-0.195
-0.19
-0.205
-0.205
-0.2
-0.21
-0.21
-0.215
-0.195
-0.195
-0.195
-0.195
-0.215
-0.23
-0.215
-0.25
-0.255
-0.22
-0.25
-0.26
-0.27
-0.265
-0.29
-0.295
-0.285
-0.265
-0.26
-0.255
-0.235
-0.23
-0.245
-0.24
-0.25
-0.235
-0.24
-0.255
-0.265
-0.28
-0.285
-0.29
-0.3
-0.29
-0.29
-0.305
-0.305
-0.32
-0.32
-0.31
-0.315
-0.3
-0.305
-0.305
-0.31
-0.315
-0.315
-0.32
-0.32
-0.32
-0.32
-0.285
-0.285
-0.3
-0.28
-0.29
-0.29
-0.255
-0.26
-0.29
-0.285
-0.3
-0.295
-0.3
-0.3
-0.29
-0.305
-0.305
-0.295
-0.31
-0.305
-0.31
-0.3
-0.285
-0.265
-0.275
-0.26
-0.25
-0.265
-0.265
-0.26
-0.26
-0.24
-0.15
0.0
0.155
0.3
0.38
0.34
0.09
-0.175
-0.335
-0.39
-0.455
-0.47
-0.5
-0.525
-0.565
-0.6
-0.63
-0.605
-0.56
-0.46
-0.33
-0.275
-0.27
-0.25
-0.24
-0.225
-0.215
-0.21
-0.22
-0.23
-0.23
-0.23
-0.215
-0.235
-0.23
-0.23
-0.22
-0.24
-0.23
-0.24
-0.245
-0.235
-0.23
-0.215
-0.19
-0.19
-0.17
-0.195
-0.195
-0.195
-0.2
-0.2
-0.215
-0.21
-0.225
-0.22
-0.22
-0.23
-0.215
-0.195
-0.2
-0.2
-0.18
-0.165
-0.145
-0.14
-0.12
-0.115
-0.095
-0.09
-0.08
-0.075
-0.06
-0.065
-0.07
-0.06
-0.07
-0.055
-0.08
-0.085
-0.08
-0.08
-0.1
-0.11
-0.13
-0.135
-0.13
-0.14
-0.15
-0.12
-0.125
-0.13
-0.13
-0.12
-0.11
-0.075
0.015
0.2
0.42
0.635
0.765
0.695
0.42
0.11
-0.095
-0.205
-0.26
-0.325
-0.44
-0.54
