500
1250
1
Lead 1
-0.02
-0.095
-0.21
-0.165
-0.1
-0.08
-0.065
-0.07
-0.095
-0.09
-0.09
-0.12
-0.12
-0.075
0.06
0.32
0.575
0.805
0.98
0.695
-0.18
-1.055
-1.52
-1.555
-1.46
-1.33
-1.155
-1.04
-0.95
-0.73
-0.465
-0.26
-0.095
0.03
-0.045
-0.05
-0.015
-0.04
-0.03
-0.02
0.005
0.005
-0.065
-0.095
-0.1
-0.075
-0.11
-0.135
-0.135
-0.155
-0.16
-0.175
-0.14
-0.13
-0.17
-0.185
-0.165
-0.23
-0.235
-0.215
-0.205
-0.275
-0.29
-0.25
-0.255
-0.27
-0.265
-0.255
-0.36
-0.47
-0.475
-0.49
-0.475
-0.45
-0.48
-0.455
-0.4
-0.37
-0.345
-0.345
-0.36
-0.33
-0.285
-0.195
-0.105
-0.155
-0.205
-0.22
-0.19
-0.145
-0.08
-0.015
0.0
0.02
0.01
0.035
0.06
0.05
0.0
0.01
0.03
-0.035
-0.07
-0.075
-0.075
-0.075
-0.12
-0.18
-0.18
-0.165
-0.18
-0.245
-0.315
-0.355
-0.355
-0.35
-0.36
-0.37
-0.39
-0.4
-0.385
-0.4
-0.43
-0.405
-0.38
-0.375
-0.435
-0.47
-0.48
-0.46
-0.43
-0.415
-0.375
-0.335
-0.315
-0.345
-0.34
-0.325
-0.32
-0.285
-0.25
-0.23
-0.285
-0.36
-0.36
-0.345
-0.335
-0.29
-0.27
-0.245
-0.185
-0.145
-0.01
0.205
0.44
0.58
0.675
0.555
-0.025
-0.995
-1.715
-1.98
-1.94
-1.785
-1.555
-1.245
-0.995
-0.825
-0.7
-0.625
-0.59
-0.615
-0.62
-0.62
-0.625
-0.655
-0.66
-0.675
-0.69
-0.68
-0.67
-0.685
-0.67
-0.645
-0.65
-0.63
-0.62
-0.65
-0.675
-0.675
-0.665
-0.67
-0.635
-0.655
-0.64
-0.63
-0.625
-0.625
-0.65
-0.69
-0.745
-0.8
-0.83
-0.84
-0.875
-0.885
-0.88
-0.935
-0.955
-1.01
-1.065
-1.11
-1.105
-1.085
-1.1
-1.16
-1.175
-1.195
-1.205
-1.18
-1.185
-1.17
-1.15
-1.175
-1.17
-1.14
-1.135
-1.12
-1.055
-0.99
-0.95
-0.895
-0.865
-0.83
-0.795
-0.735
-0.72
-0.735
-0.7
-0.64
-0.62
-0.62
-0.585
-0.615
-0.595
-0.565
-0.55
-0.59
-0.605
-0.595
-0.63
-0.64
-0.68
-0.69
-0.695
-0.71
-0.74
-0.745
-0.775
-0.83
-0.825
-0.855
-0.855
-0.86
-0.87
-0.865
-0.89
-0.94
-0.97
-1.01
-1.07
-1.07
-1.035
-0.97
-0.955
-0.875
-0.645
-0.385
-0.155
0.0
-0.02
-0.425
-1.345
-2.295
-2.695
-2.615
-2.34
-1.98
-1.635
-1.41
-1.265
-1.175
-1.16
-1.14
-1.14
-1.135
-1.09
-1.07
-1.065
-1.08
-1.075
-1.055
-1.01
-1.095
-1.155
-1.185
-1.205
-1.21
-1.165
-1.16
-1.17
-1.17
-1.155
-1.16
-1.155
-1.155
-1.21
-1.28
-1.3
-1.31
-1.34
-1.33
-1.32
-1.32
-1.35
-1.405
-1.41
-1.415
-1.46
-1.51
-1.58
-1.56
-1.605
-1.685
-1.695
-1.71
-1.71
-1.71
-1.72
-1.735
-1.76
-1.75
-1.745
-1.665
-1.635
-1.6
-1.53
-1.435
-1.285
-1.22
-1.19
-1.155
-1.125
-1.195
-1.21
-1.175
-1.17
-1.125
-1.1
-1.075
-1.06
-1.06
-1.055
-1.055
-1.045
-1.03
-1.04
-1.03
-1.04
-1.015
-0.995
-0.955
-0.955
-0.95
-0.96
-0.925
-0.875
-0.775
-0.65
-0.515
-0.32
-0.075
0.145
0.28
0.385
0.04
-0.945
-1.985
-2.525
-2.55
-2.28
-1.9
-1.485
-1.185
-1.065
-0.975
-0.9
-0.88
-0.835
-0.835
-0.855
-0.87
-0.815
-0.745
-0.75
-0.72
-0.715
-0.71
-0.735
-0.71
-0.715
-0.77
-0.775
-0.78
-0.775
-0.78
-0.765
-0.74
-0.725
-0.71
-0.725
-0.71
-0.69
-0.75
-0.77
-0.8
-0.82
-0.825
-0.805
-0.81
-0.8
-0.835
-0.855
-0.84
-0.855
-0.89
-0.92
-0.945
-0.945
-0.915
-0.905
-0.895
-0.855
-0.83
-0.8
-0.765
-0.75
-0.705
-0.655
-0.6
-0.5
-0.395
-0.335
-0.245
-0.205
-0.125
-0.13
-0.14
-0.125
-0.135
-0.17
-0.185
-0.155
-0.18
-0.175
-0.19
-0.21
-0.245
-0.275
-0.275
-0.295
-0.36
-0.335
-0.3
-0.285
-0.22
-0.04
0.11
0.29
0.51
0.71
0.825
0.9
0.95
0.605
-0.31
-1.295
-1.835
-1.89
-1.6
-1.185
-0.775
-0.48
-0.32
-0.24
-0.17
-0.165
-0.19
-0.165
-0.115
-0.105
-0.135
-0.105
-0.09
-0.03
-0.02
-0.01
-0.06
-0.08
-0.09
-0.065
-0.07
-0.12
-0.115
-0.085
-0.07
-0.095
-0.125
-0.12
-0.13
-0.165
-0.215
-0.22
-0.24
-0.26
-0.265
-0.335
-0.315
-0.32
-0.375
-0.395
-0.37
-0.385
-0.365
-0.345
-0.385
-0.4
-0.4
-0.345
-0.355
-0.35
-0.33
-0.33
-0.345
-0.31
-0.27
-0.18
-0.095
-0.015
0.055
0.13
0.145
0.215
0.275
0.29
0.31
0.33
0.395
0.415
0.405
0.375
0.375
0.37
0.375
0.365
0.325
0.29
0.265
0.255
0.26
0.22
0.21
0.245
0.295
0.26
0.26
0.225
0.195
0.215
0.205
0.205
0.245
0.275
0.265
0.25
0.295
0.41
0.63
0.995
1.32
1.5
1.51
1.18
0.46
-0.35
-0.865
-0.98
-0.875
-0.755
-0.505
-0.19
0.0
0.16
0.275
0.36
0.435
0.47
0.48
0.515
0.54
0.53
0.455
0.375
0.33
0.33
0.355
0.365
0.345
0.315
0.305
0.29
0.275
0.28
0.24
0.22
0.19
0.155
0.125
0.09
0.105
0.075
0.085
0.08
0.06
0.03
-0.015
-0.01
-0.005
-0.02
-0.05
-0.025
-0.02
-0.04
-0.055
-0.055
-0.025
0.02
0.06
0.11
0.12
0.095
0.125
0.125
0.135
0.185
0.21
0.29
0.33
0.405
0.47
0.54
0.55
0.58
0.555
0.57
0.585
0.56
0.58
0.62
0.635
0.615
0.595
0.585
0.6
0.585
0.525
0.505
0.495
0.49
0.49
0.485
0.485
0.455
0.45
0.425
0.385
0.37
0.365
0.36
0.335
0.33
0.32
0.32
0.36
0.345
0.345
0.33
0.32
0.335
0.37
0.4
0.41
0.44
0.455
0.485
0.5
0.49
0.51
0.565
0.59
0.58
0.56
0.57
0.555
0.545
0.545
0.58
0.625
0.665
0.725
0.88
1.17
1.45
1.605
1.66
1.47
0.905
0.065
-0.625
-0.91
-0.915
-0.84
-0.695
-0.455
-0.205
0.0
0.115
0.19
0.215
0.21
0.2
0.205
0.22
0.23
0.225
0.22
0.205
0.18
0.185
0.2
0.17
0.195
0.19
0.235
0.215
0.2
0.215
0.245
0.245
0.24
0.225
0.21
0.235
0.25
0.305
0.335
0.335
0.33
0.31
0.325
0.29
0.26
0.23
0.195
0.185
0.17
0.14
0.165
0.15
0.105
0.07
0.04
0.01
-0.02
-0.02
-0.045
-0.07
-0.075
-0.04
-0.025
-0.045
-0.025
0.0
0.015
0.02
0.035
0.045
0.06
0.105
0.11
0.125
0.15
0.225
0.215
0.23
0.225
0.235
0.22
0.215
0.255
0.235
0.27
0.335
0.35
0.36
0.39
0.415
0.445
0.425
0.41
0.395
0.385
0.36
0.365
0.365
0.345
0.35
0.325
0.315
0.265
0.22
0.155
0.13
0.09
0.055
0.05
0.065
0.035
0.025
0.02
-0.01
-0.03
-0.05
-0.08
-0.075
-0.08
-0.095
-0.1
-0.09
-0.11
-0.095
-0.115
-0.11
-0.135
-0.115
-0.11
-0.085
-0.05
-0.065
-0.035
0.01
0.125
0.255
0.51
0.825
1.02
1.08
1.055
0.675
-0.195
-1.01
-1.395
-1.42
-1.31
-1.095
-0.78
-0.53
-0.37
-0.285
-0.21
-0.155
-0.135
-0.13
-0.14
-0.115
-0.145
-0.16
-0.16
-0.145
-0.19
-0.22
-0.275
-0.32
-0.34
-0.355
-0.34
-0.315
-0.335
-0.36
-0.35
-0.4
-0.45
-0.46
-0.46
-0.445
-0.485
-0.54
-0.5
-0.44
-0.42
-0.4
-0.4
-0.375
-0.385
-0.395
-0.435
-0.46
-0.4
-0.35
-0.35
-0.325
-0.31
-0.34
-0.38
-0.42
-0.44
-0.445
-0.42
-0.42
-0.46
-0.43
-0.42
-0.39
-0.335
-0.285
-0.295
-0.29
-0.255
-0.175
-0.12
-0.115
-0.085
-0.055
0.0
0.05
0.065
0.07
0.1
0.105
0.085
0.015
0.04
0.08
0.105
0.12
0.085
0.07
0.085
0.125
0.105
0.125
0.115
0.095
0.1
0.105
0.095
0.09
0.12
0.14
0.17
0.225
0.21
0.28
0.35
0.365
0.445
0.605
0.795
0.97
1.15
1.29
1.325
1.11
0.52
-0.33
-0.905
-1.015
-0.805
-0.575
-0.39
-0.205
-0.075
-0.01
0.015
0.02
0.055
0.035
0.02
0.05
0.025
-0.02
-0.06
-0.055
-0.06
-0.055
-0.05
-0.045
-0.035
-0.045
-0.075
-0.08
-0.09
-0.065
-0.06
-0.085
-0.12
-0.115
-0.12
-0.15
-0.19
-0.165
-0.135
-0.145
-0.17
-0.235
-0.24
-0.285
-0.29
-0.35
-0.405
-0.44
-0.47
-0.495
-0.55
-0.59
-0.58
-0.57
-0.62
-0.69
-0.735
-0.69
-0.64
-0.6
-0.555
-0.515
-0.46
-0.365
-0.29
-0.19
-0.11
-0.055
0.035
0.27
0.615
1.005
1.275
1.065
0.235
-0.735
-1.235
-1.255
-1.04
-0.765
-0.48
-0.185
-0.01
0.07
0.095
0.14
0.17
0.185
0.19
0.225
0.245
0.26
0.285
0.255
0.25
0.22
0.255
0.265
0.255
0.235
0.22
0.205
0.19
0.215
0.23
0.21
0.2
0.195
0.195
0.155
0.135
0.11
0.125
0.11
0.1
0.125
0.125
0.135
0.145
0.155
0.165
0.18
0.14
0.145
0.16
0.17
0.185
0.21
0.255
0.25
0.275
0.29
0.315
0.3
0.29
0.3
0.33
0.335
0.35
0.39
0.395
0.39
0.38
0.36
0.315
0.27
0.235
0.205
0.175
0.14
0.135
0.15
0.215
0.325
0.425
0.57
0.765
0.96
1.05
1.085
1.01
0.51
-0.45
-1.29
-1.63
-1.57
-1.38
-1.065
-0.745
-0.48
-0.355
-0.27
-0.225
-0.21
-0.215
-0.205
-0.205
-0.205
-0.18
-0.18
-0.15
-0.14
-0.175
-0.175
-0.19
-0.16
-0.19
-0.16
-0.06
0.005
-0.025
-0.05
-0.075
-0.095
-0.135
-0.2
-0.24
-0.29
-0.305
-0.335
-0.375
-0.385
-0.4
-0.435
-0.455
-0.49
-0.53
-0.575
-0.61
-0.63
-0.645
-0.66
-0.675
-0.66
-0.685
-0.695
-0.685
-0.66
-0.655
-0.65
-0.61
-0.555
-0.51
-0.47
-0.39
-0.33
-0.245
-0.175
-0.14
-0.1
-0.075
-0.065
-0.08
-0.05
-0.03
-0.025
-0.025
-0.025
-0.04
-0.045
-0.035
-0.025
0.005
0.1
0.315
0.515
0.615
0.73
0.835
0.93
0.95
0.665
-0.17
-1.09
-1.555
-1.555
-1.295
-1.0
-0.815
-0.69
-0.585
-0.515
-0.505
-0.5
-0.51
-0.54
-0.56
