500
1250
1
Lead 1
-0.62
-0.615
-0.635
-0.635
-0.64
-0.63
-0.61
-0.635
-0.655
-0.715
-0.76
-0.785
-0.795
-0.78
-0.81
-0.805
-0.805
-0.745
-0.71
-0.72
-0.725
-0.75
-0.76
-0.785
-0.785
-0.765
-0.78
-0.79
-0.795
-0.805
-0.82
-0.845
-0.865
-0.865
-0.875
-0.905
-0.955
-0.95
-0.96
-0.97
-0.955
-0.925
-0.895
-0.85
-0.8
-0.78
-0.76
-0.735
-0.725
-0.695
-0.68
-0.675
-0.64
-0.64
-0.65
-0.655
-0.675
-0.665
-0.6
-0.52
-0.4
-0.19
0.07
0.285
0.465
0.485
-0.075
-1.1
-1.81
-1.985
-1.975
-1.82
-1.505
-1.175
-0.955
-0.855
-0.77
-0.675
-0.61
-0.575
-0.58
-0.58
-0.595
-0.635
-0.68
-0.695
-0.715
-0.75
-0.765
-0.785
-0.81
-0.84
-0.87
-0.915
-0.99
-1.13
-1.17
-1.15
-1.185
-1.225
-1.245
-1.275
-1.345
-1.405
-1.47
-1.505
-1.515
-1.56
-1.61
-1.63
-1.65
-1.665
-1.665
-1.68
-1.675
-1.71
-1.725
-1.75
-1.735
-1.715
-1.71
-1.665
-1.64
-1.615
-1.555
-1.47
-1.38
-1.335
-1.305
-1.23
-1.195
-1.17
-1.145
-1.07
-1.015
-0.95
-0.925
-0.955
-1.015
-1.035
-1.055
-1.085
-1.095
-1.095
-1.105
-1.11
-1.145
-1.15
-1.155
-1.155
-1.18
-1.195
-1.2
-1.24
-1.215
-1.205
-1.195
-1.13
-0.945
-0.685
-0.53
-0.455
-0.565
-1.1
-2.02
-2.78
-3.125
-3.09
-2.93
-2.68
-2.38
-2.115
-1.88
-1.71
-1.595
-1.6
-1.575
-1.565
-1.565
-1.565
-1.54
-1.52
-1.505
-1.48
-1.475
-1.485
-1.485
-1.455
-1.475
-1.465
-1.46
-1.44
-1.46
-1.45
-1.43
-1.42
-1.45
-1.485
-1.48
-1.48
-1.52
-1.56
-1.575
-1.595
-1.605
-1.61
-1.6
-1.595
-1.585
-1.58
-1.595
-1.625
-1.64
-1.655
-1.635
-1.62
-1.64
-1.665
-1.66
-1.645
-1.65
-1.63
-1.595
-1.565
-1.55
-1.555
-1.52
-1.465
-1.395
-1.315
-1.27
-1.235
-1.205
-1.205
-1.195
-1.205
-1.2
-1.195
-1.165
-1.19
-1.18
-1.175
-1.16
-1.07
-0.98
-0.95
-0.92
-0.81
-0.67
-0.47
-0.355
-0.78
-1.685
-2.395
-2.64
-2.675
-2.67
-2.685
-2.65
-2.675
-2.695
-2.66
-2.565
-2.42
-2.235
-1.96
-1.705
-1.545
-1.455
-1.405
-1.36
-1.36
-1.37
-1.345
-1.35
-1.325
-1.335
-1.34
-1.335
-1.32
-1.325
-1.34
-1.335
-1.295
-1.26
-1.265
-1.235
-1.24
-1.235
-1.205
-1.19
-1.155
-1.165
-1.19
-1.175
-1.205
-1.19
-1.195
-1.21
-1.205
-1.165
-1.15
-1.145
-1.155
-1.14
-1.105
-1.115
-1.11
-1.09
-1.02
-0.94
-0.91
-0.845
-0.78
-0.73
-0.72
-0.7
-0.705
-0.675
-0.67
-0.655
-0.61
-0.5
-0.335
-0.13
-0.175
-0.815
-1.655
-2.135
-2.275
-2.36
-2.46
-2.435
-2.415
-2.415
-2.305
-2.175
-2.085
-1.92
-1.725
-1.475
-1.315
-1.19
-1.085
-1.025
-1.005
-0.99
-0.97
-0.975
-0.96
-0.98
-0.98
-1.005
-1.015
-1.015
-0.98
-0.98
-1.0
-1.025
-1.01
-1.015
-0.995
-1.015
-1.03
-1.045
-1.095
-1.08
-1.06
-1.085
-1.1
-1.115
-1.115
-1.145
-1.14
-1.145
-1.145
-1.16
-1.175
-1.15
-1.125
-1.12
-1.125
-1.1
-1.09
-1.03
-1.0
-0.95
-0.935
-0.885
-0.87
-0.865
-0.85
-0.84
-0.815
-0.8
-0.82
-0.825
-0.84
-0.89
-0.87
-0.875
-0.87
-0.875
-0.9
-0.85
-0.78
-0.605
-0.45
-0.34
-0.3
-0.67
-1.51
-2.26
-2.6
-2.695
-2.71
-2.7
-2.665
-2.635
-2.605
-2.565
-2.475
-2.375
-2.285
-2.14
-1.905
-1.705
-1.575
-1.46
-1.365
-1.305
-1.26
-1.24
-1.235
-1.24
-1.28
-1.295
-1.31
-1.3
-1.27
-1.24
-1.22
-1.185
-1.17
-1.16
-1.16
-1.135
-1.155
-1.17
-1.145
-1.115
-1.07
-1.0
-0.98
-0.965
-0.975
-0.96
-0.97
-1.0
-0.995
-1.03
-1.035
-1.035
-1.01
-0.955
-0.895
-0.85
-0.85
-0.845
-0.795
-0.77
-0.745
-0.73
-0.7
-0.665
-0.645
-0.63
-0.605
-0.595
-0.6
-0.625
-0.64
-0.675
-0.75
-0.785
-0.785
-0.82
-0.89
-0.925
-0.955
-0.98
-0.95
-0.96
-0.945
-0.94
-0.97
-0.985
-0.925
-0.765
-0.575
-0.315
-0.175
-0.62
-1.52
-2.225
-2.525
-2.6
-2.53
-2.44
-2.32
-2.19
-1.98
-1.68
-1.42
-1.265
-1.185
-1.14
-1.095
-1.11
-1.115
-1.11
-1.11
-1.115
-1.105
-1.085
-1.09
-1.08
-1.09
-1.08
-1.09
-1.105
-1.12
-1.105
-1.08
-1.1
-1.11
-1.115
-1.125
-1.17
-1.17
-1.22
-1.235
-1.265
-1.255
-1.25
-1.225
-1.19
-1.165
-1.11
-1.07
-1.045
-1.02
-1.02
-1.015
-1.01
-0.99
-0.975
-0.955
-0.93
-0.885
-0.84
-0.77
-0.76
-0.745
-0.75
-0.725
-0.725
-0.72
-0.72
-0.715
-0.705
-0.685
-0.695
-0.72
-0.735
-0.73
-0.77
-0.82
-0.87
-0.89
-0.915
-0.915
-0.945
-0.98
-0.97
-0.975
-0.985
-0.985
-0.93
-0.865
-0.805
-0.665
-0.465
-0.215
-0.035
0.12
0.055
-0.555
-1.505
-2.18
-2.44
-2.395
-2.205
-1.94
-1.645
-1.39
-1.235
-1.165
-1.13
-1.105
-1.09
-1.08
-1.09
-1.09
-1.07
-1.095
-1.125
-1.12
-1.125
-1.14
-1.145
-1.155
-1.165
-1.165
-1.16
-1.18
-1.195
-1.26
-1.245
-1.26
-1.275
-1.28
-1.27
-1.26
-1.24
-1.225
-1.205
-1.21
-1.22
-1.25
-1.25
-1.23
-1.235
-1.245
-1.185
-1.195
-1.22
-1.21
-1.215
-1.215
-1.215
-1.22
-1.195
-1.165
-1.125
-1.065
-0.98
-0.905
-0.86
-0.82
-0.805
-0.765
-0.725
-0.685
-0.665
-0.64
-0.605
-0.56
-0.565
-0.595
-0.605
-0.605
-0.61
-0.59
-0.575
-0.585
-0.58
-0.6
-0.62
-0.575
-0.56
-0.565
-0.48
-0.38
-0.21
-0.015
0.19
0.36
0.495
0.61
0.31
-0.58
-1.41
-1.81
-1.88
-1.705
-1.395
-1.06
-0.82
-0.74
-0.675
-0.64
-0.625
-0.62
-0.59
-0.535
-0.535
-0.51
-0.485
-0.465
-0.47
-0.45
-0.435
-0.45
-0.465
-0.42
-0.405
-0.36
-0.33
-0.31
-0.255
-0.225
-0.215
-0.245
-0.305
-0.36
-0.39
-0.365
-0.34
-0.325
-0.35
-0.35
-0.385
-0.365
-0.38
-0.44
-0.48
-0.44
-0.43
-0.41
-0.385
-0.365
-0.36
-0.34
-0.35
-0.36
-0.38
-0.345
-0.315
-0.28
-0.24
-0.175
-0.06
-0.005
0.015
0.045
0.065
0.05
0.08
0.115
0.11
0.085
0.07
0.095
0.08
0.08
0.065
0.02
-0.015
-0.07
-0.13
-0.155
-0.135
-0.14
-0.15
-0.13
-0.175
-0.21
-0.215
-0.225
-0.215
-0.22
-0.25
-0.265
-0.28
-0.285
-0.31
-0.33
-0.315
-0.34
-0.345
-0.335
-0.325
-0.34
-0.35
-0.41
-0.425
-0.375
-0.4
-0.39
-0.35
-0.32
-0.3
-0.275
-0.22
-0.205
-0.135
0.09
0.47
0.805
0.995
1.06
0.705
-0.065
-0.79
-1.25
-1.36
-1.335
-1.25
-1.06
-0.81
-0.64
-0.475
-0.375
-0.32
-0.25
-0.225
-0.235
-0.265
-0.28
-0.26
-0.285
-0.29
-0.29
-0.295
-0.32
-0.36
-0.32
-0.29
-0.32
-0.325
-0.325
-0.34
-0.33
-0.34
-0.335
-0.365
-0.35
-0.345
-0.34
-0.385
-0.36
-0.38
-0.4
-0.435
-0.455
-0.485
-0.47
-0.42
-0.39
-0.36
-0.37
-0.42
-0.45
-0.46
-0.435
-0.425
-0.395
-0.38
-0.34
-0.285
-0.23
-0.19
-0.165
-0.12
-0.09
-0.045
-0.07
0.0
0.02
0.005
0.01
0.03
0.06
0.065
0.055
0.085
0.05
0.05
0.055
0.055
0.04
0.075
0.05
0.055
0.055
0.075
0.08
0.11
0.105
0.1
0.055
0.05
0.015
0.025
0.03
0.09
0.125
0.115
0.115
0.115
0.135
0.15
0.26
0.48
0.775
1.045
1.21
1.25
1.02
0.405
-0.325
-0.84
-0.91
-0.825
-0.66
-0.385
-0.19
0.025
0.16
0.225
0.285
0.38
0.395
0.385
0.41
0.42
0.45
0.41
0.375
0.395
0.43
0.45
0.4
0.38
0.4
0.425
0.435
0.395
0.375
0.365
0.37
0.36
0.345
0.36
0.365
0.35
0.36
0.355
0.31
0.255
0.245
0.26
0.205
0.14
0.13
0.13
0.14
0.13
0.11
0.13
0.13
0.125
0.155
0.195
0.27
0.34
0.36
0.42
0.485
0.585
0.64
0.675
0.715
0.81
0.86
0.89
0.915
0.935
0.96
0.985
0.99
1.005
0.99
1.01
1.035
1.04
1.04
0.985
0.98
0.97
0.975
0.99
0.99
1.005
0.975
0.965
0.99
1.0
0.995
0.99
0.95
0.945
0.945
0.945
0.95
0.97
0.965
0.96
0.96
0.94
0.95
0.97
0.95
0.9
0.895
0.94
0.98
1.005
1.02
1.04
1.055
1.075
1.09
1.09
1.055
1.05
1.09
1.125
1.19
1.2
1.225
1.24
1.225
1.165
1.14
1.095
1.12
1.11
1.105
1.135
1.145
1.19
1.2
1.26
1.32
1.51
1.735
1.92
2.035
1.995
1.67
1.01
0.325
-0.115
-0.27
-0.26
-0.17
-0.015
0.18
0.36
0.525
0.615
0.68
0.74
0.77
0.755
0.755
0.77
0.755
0.755
0.755
0.765
0.8
0.81
0.81
0.82
0.835
0.865
0.87
0.875
0.915
0.925
0.905
0.885
0.875
0.885
0.89
0.845
0.835
0.83
0.815
0.8
0.78
0.78
0.74
0.71
0.71
0.675
0.615
0.59
0.6
0.575
0.59
0.59
0.585
0.58
0.535
0.515
0.51
0.495
0.495
0.505
0.49
0.51
0.51
0.525
0.56
0.55
0.585
0.59
0.6
0.615
0.65
0.665
0.68
0.705
0.695
0.725
0.75
0.76
0.785
0.8
0.815
0.87
0.89
0.915
0.965
0.995
1.03
1.045
1.025
1.015
1.01
1.0
1.0
0.97
0.93
0.885
0.875
0.85
0.84
0.815
0.77
0.74
0.69
0.705
0.685
0.7
0.82
1.0
1.195
1.32
1.405
1.35
0.9
0.045
-0.66
-0.95
-0.86
-0.54
-0.235
0.065
0.25
0.36
0.445
0.455
0.5
0.505
0.5
0.485
0.5
0.5
0.5
0.52
0.555
0.56
0.56
0.555
0.56
0.56
0.55
0.535
0.52
0.515
0.505
0.515
0.5
0.48
0.475
0.44
0.415
0.365
0.33
0.29
0.265
0.21
0.155
0.145
0.09
0.08
0.06
0.04
-0.01
-0.04
-0.085
-0.13
-0.19
-0.235
-0.295
-0.3
-0.295
-0.3
-0.23
-0.2
-0.135
-0.075
-0.025
0.035
0.09
0.16
0.185
0.245
0.3
0.36
0.43
0.485
0.495
0.49
0.48
