500
1250
1
Lead 1
-0.415
-0.415
-0.395
-0.395
-0.415
-0.425
-0.44
-0.465
-0.475
-0.48
-0.48
-0.48
-0.5
-0.49
-0.475
-0.475
-0.475
-0.475
-0.455
-0.485
-0.465
-0.4
-0.26
-0.08
0.1
0.215
0.22
0.01
-0.28
-0.47
-0.57
-0.62
-0.65
-0.665
-0.705
-0.75
-0.785
-0.85
-0.845
-0.82
-0.725
-0.595
-0.51
-0.47
-0.48
-0.45
-0.45
-0.445
-0.435
-0.425
-0.41
-0.405
-0.42
-0.405
-0.39
-0.38
-0.395
-0.385
-0.4
-0.38
-0.385
-0.375
-0.375
-0.37
-0.36
-0.34
-0.335
-0.355
-0.33
-0.33
-0.325
-0.31
-0.295
-0.305
-0.28
-0.255
-0.27
-0.26
-0.245
-0.22
-0.235
-0.23
-0.225
-0.23
-0.21
-0.215
-0.195
-0.23
-0.24
-0.245
-0.22
-0.255
-0.255
-0.28
-0.29
-0.315
-0.33
-0.34
-0.36
-0.35
-0.385
-0.395
-0.405
-0.4
-0.4
-0.4
-0.42
-0.43
-0.455
-0.445
-0.445
-0.445
-0.445
-0.415
-0.42
-0.44
-0.415
-0.435
-0.44
-0.425
-0.415
-0.425
-0.425
-0.43
-0.405
-0.435
-0.415
-0.395
-0.41
-0.435
-0.415
-0.4
-0.4
-0.39
-0.395
-0.385
-0.385
-0.39
-0.39
-0.395
-0.385
-0.4
-0.4
-0.415
-0.425
-0.42
-0.41
-0.405
-0.405
-0.4
-0.41
-0.4
-0.415
-0.435
-0.44
-0.42
-0.435
-0.44
-0.42
-0.42
-0.445
-0.435
-0.445
-0.46
-0.455
-0.435
-0.43
-0.435
-0.44
-0.43
-0.455
-0.46
-0.455
-0.46
-0.455
-0.46
-0.465
-0.455
-0.455
-0.455
-0.47
-0.45
-0.445
-0.45
-0.455
-0.465
-0.47
-0.475
-0.47
-0.455
-0.465
-0.465
-0.445
-0.445
-0.465
-0.465
-0.435
-0.4
-0.415
-0.4
-0.395
-0.39
-0.4
-0.41
-0.4
-0.405
-0.405
-0.415
-0.425
-0.435
-0.435
-0.4
-0.395
-0.42
-0.455
-0.465
-0.465
-0.47
-0.47
-0.5
-0.5
-0.5
-0.495
-0.485
-0.495
-0.475
-0.47
-0.485
-0.485
-0.44
-0.35
-0.205
0.0
0.135
0.245
0.165
-0.09
-0.38
-0.555
-0.615
-0.66
-0.65
-0.67
-0.7
-0.755
-0.815
-0.84
-0.835
-0.785
-0.69
-0.585
-0.525
-0.48
-0.48
-0.47
-0.46
-0.445
-0.445
-0.435
-0.435
-0.43
-0.43
-0.415
-0.41
-0.415
-0.405
-0.4
-0.395
-0.39
-0.415
-0.39
-0.38
-0.37
-0.365
-0.35
-0.36
-0.355
-0.345
-0.335
-0.325
-0.31
-0.315
-0.32
-0.31
-0.31
-0.285
-0.285
-0.28
-0.26
-0.245
-0.235
-0.23
-0.255
-0.245
-0.235
-0.23
-0.25
-0.26
-0.28
-0.275
-0.29
-0.295
-0.32
-0.34
-0.35
-0.38
-0.39
-0.385
-0.395
-0.395
-0.42
-0.435
-0.43
-0.445
-0.465
-0.47
-0.46
-0.46
-0.435
-0.455
-0.45
-0.465
-0.46
-0.47
-0.465
-0.47
-0.465
-0.445
-0.455
-0.46
-0.425
-0.44
-0.465
-0.465
-0.46
-0.455
-0.445
-0.44
-0.425
-0.425
-0.425
-0.425
-0.415
-0.405
-0.42
-0.425
-0.415
-0.435
-0.435
-0.43
-0.42
-0.415
-0.405
-0.41
-0.44
-0.425
-0.42
-0.43
-0.44
-0.43
-0.42
-0.43
-0.44
-0.44
-0.45
-0.44
-0.45
-0.43
-0.44
-0.435
-0.44
-0.445
-0.435
-0.45
-0.445
-0.445
-0.435
-0.45
-0.45
-0.435
-0.445
-0.445
-0.45
-0.445
-0.445
-0.445
-0.45
-0.445
-0.45
-0.445
-0.455
-0.455
-0.46
-0.455
-0.455
-0.45
-0.455
-0.45
-0.46
-0.465
-0.44
-0.455
-0.455
-0.455
-0.435
-0.425
-0.43
-0.41
-0.4
-0.39
-0.385
-0.385
-0.355
-0.36
-0.36
-0.38
-0.355
-0.37
-0.39
-0.4
-0.405
-0.4
-0.395
-0.385
-0.39
-0.415
-0.44
-0.445
-0.45
-0.46
-0.475
-0.485
-0.48
-0.475
-0.46
-0.47
-0.445
-0.445
-0.47
-0.465
-0.415
-0.33
-0.14
0.075
0.22
0.27
0.12
-0.165
-0.395
-0.52
-0.595
-0.62
-0.64
-0.66
-0.715
-0.765
-0.785
-0.825
-0.8
-0.73
-0.61
-0.515
-0.465
-0.46
-0.465
-0.445
-0.43
-0.425
-0.415
-0.4
-0.38
-0.365
-0.38
-0.39
-0.375
-0.38
-0.385
-0.385
-0.375
-0.37
-0.36
-0.365
-0.35
-0.35
-0.35
-0.35
-0.35
-0.335
-0.34
-0.335
-0.32
-0.31
-0.3
-0.29
-0.28
-0.265
-0.28
-0.28
-0.275
-0.25
-0.25
-0.25
-0.255
-0.23
-0.24
-0.235
-0.255
-0.265
-0.255
-0.265
-0.27
-0.29
-0.3
-0.305
-0.32
-0.33
-0.345
-0.365
-0.38
-0.375
-0.385
-0.4
-0.42
-0.415
-0.435
-0.43
-0.445
-0.445
-0.44
-0.455
-0.45
-0.465
-0.48
-0.47
-0.45
-0.46
-0.45
-0.465
-0.465
-0.465
-0.45
-0.465
-0.44
-0.445
-0.44
-0.42
-0.43
-0.4
-0.405
-0.4
-0.415
-0.405
-0.425
-0.425
-0.405
-0.415
-0.4
-0.41
-0.42
-0.415
-0.42
-0.415
-0.415
-0.43
-0.425
-0.43
-0.41
-0.42
-0.425
-0.415
-0.45
-0.435
-0.425
-0.42
-0.425
-0.435
-0.43
-0.44
-0.44
-0.44
-0.435
-0.425
-0.435
-0.445
-0.42
-0.435
-0.44
-0.435
-0.445
-0.425
-0.45
-0.455
-0.445
-0.425
-0.44
-0.43
-0.435
-0.44
-0.46
-0.45
-0.43
-0.45
-0.44
-0.435
-0.435
-0.435
-0.42
-0.42
-0.43
-0.425
-0.425
-0.415
-0.41
-0.42
-0.43
-0.435
-0.415
-0.42
-0.44
-0.415
-0.4
-0.395
-0.375
-0.35
-0.35
-0.37
-0.36
-0.35
-0.355
-0.35
-0.35
-0.35
-0.38
-0.38
-0.39
-0.375
-0.385
-0.375
-0.38
-0.385
-0.395
-0.405
-0.415
-0.43
-0.435
-0.455
-0.45
-0.45
-0.435
-0.45
-0.44
-0.42
-0.445
-0.44
-0.435
-0.37
-0.25
-0.095
0.095
0.25
0.295
0.14
-0.14
-0.38
-0.485
-0.575
-0.6
-0.6
-0.635
-0.68
-0.72
-0.74
-0.77
-0.745
-0.66
-0.54
-0.465
-0.445
-0.415
-0.415
-0.4
-0.375
-0.365
-0.365
-0.355
-0.345
-0.345
-0.345
-0.345
-0.335
-0.345
-0.33
-0.335
-0.315
-0.315
-0.31
-0.305
-0.335
-0.315
-0.31
-0.295
-0.295
-0.3
-0.295
-0.285
-0.27
-0.27
-0.25
-0.265
-0.24
-0.24
-0.245
-0.23
-0.225
-0.2
-0.195
-0.205
-0.2
-0.19
-0.195
-0.195
-0.2
-0.19
-0.2
-0.22
-0.215
-0.235
-0.26
-0.265
-0.28
-0.285
-0.295
-0.305
-0.335
-0.34
-0.35
-0.375
-0.39
-0.385
-0.385
-0.385
-0.395
-0.42
-0.405
-0.405
-0.41
-0.415
-0.405
-0.395
-0.41
-0.41
-0.41
-0.41
-0.43
-0.42
-0.425
-0.425
-0.43
-0.42
-0.44
-0.43
-0.42
-0.405
-0.4
-0.39
-0.405
-0.4
-0.395
-0.39
-0.405
-0.41
-0.385
-0.395
-0.4
-0.385
-0.395
-0.385
-0.375
-0.385
-0.385
-0.39
-0.38
-0.4
-0.4
-0.405
-0.395
-0.415
-0.43
-0.41
-0.415
-0.43
-0.405
-0.425
-0.43
-0.425
-0.425
-0.43
-0.43
-0.42
-0.435
-0.43
-0.425
-0.43
-0.435
-0.425
-0.45
-0.445
-0.45
-0.465
-0.435
-0.46
-0.45
-0.44
-0.455
-0.43
-0.43
-0.435
-0.44
-0.45
-0.445
-0.465
-0.435
-0.43
-0.435
-0.435
-0.44
-0.44
-0.43
-0.415
-0.425
-0.435
-0.44
-0.44
-0.44
-0.445
-0.425
-0.4
-0.395
-0.385
-0.385
-0.385
-0.385
-0.37
-0.355
-0.36
-0.37
-0.345
-0.34
-0.355
-0.38
-0.375
-0.37
-0.36
-0.36
-0.375
-0.36
-0.375
-0.39
-0.43
-0.435
-0.44
-0.435
-0.435
-0.425
-0.41
-0.42
-0.42
-0.39
-0.415
-0.405
-0.37
-0.25
-0.085
0.095
0.265
0.345
0.285
0.06
-0.225
-0.41
-0.49
-0.555
-0.57
-0.58
-0.6
-0.625
-0.69
-0.73
-0.735
-0.735
-0.64
-0.54
-0.455
-0.435
-0.405
-0.405
-0.395
-0.365
-0.36
-0.34
-0.33
-0.32
-0.33
-0.345
-0.34
-0.335
-0.35
-0.32
-0.315
-0.31
-0.315
-0.31
-0.32
-0.3
-0.3
-0.29
-0.28
-0.265
-0.265
-0.25
-0.26
-0.25
-0.225
-0.235
-0.215
-0.22
-0.205
-0.19
-0.185
-0.16
-0.15
-0.175
-0.155
-0.15
-0.16
-0.15
-0.165
-0.16
-0.165
-0.18
-0.18
-0.195
-0.2
-0.205
-0.235
-0.245
-0.275
-0.27
-0.295
-0.315
-0.295
-0.34
-0.325
-0.345
-0.345
-0.355
-0.385
-0.385
-0.38
-0.385
-0.38
-0.4
-0.4
-0.39
-0.38
-0.39
-0.385
-0.385
-0.405
-0.4
-0.39
-0.385
-0.395
-0.375
-0.38
-0.375
-0.365
-0.385
-0.355
-0.375
-0.385
-0.365
-0.385
-0.38
-0.355
-0.355
-0.355
-0.355
-0.365
-0.365
-0.34
-0.33
-0.355
-0.365
-0.35
-0.37
-0.35
-0.35
-0.37
-0.36
-0.38
-0.365
-0.375
-0.37
-0.37
-0.365
-0.375
-0.375
-0.38
-0.38
-0.375
-0.36
-0.39
-0.38
-0.39
-0.375
-0.365
-0.38
-0.38
-0.38
-0.38
-0.395
-0.395
-0.39
-0.4
-0.405
-0.38
-0.395
-0.395
-0.39
-0.395
-0.395
-0.385
-0.405
-0.41
-0.4
-0.385
-0.4
-0.39
-0.41
-0.405
-0.395
-0.4
-0.425
-0.41
-0.425
-0.4
-0.41
-0.405
-0.38
-0.365
-0.365
-0.36
-0.35
-0.35
-0.345
-0.33
-0.33
-0.325
-0.345
-0.355
-0.36
-0.365
-0.355
-0.375
-0.335
-0.35
-0.375
-0.37
-0.405
-0.39
-0.425
-0.415
-0.44
-0.44
-0.42
-0.415
-0.41
-0.41
-0.41
-0.39
-0.41
-0.4
-0.355
-0.21
-0.045
0.135
0.295
0.335
0.21
-0.1
-0.36
-0.48
-0.515
-0.54
-0.56
-0.57
-0.6
-0.65
-0.69
-0.71
-0.705
-0.645
-0.55
-0.435
-0.37
-0.355
-0.365
-0.35
-0.335
-0.33
-0.32
-0.315
-0.29
-0.3
-0.275
-0.295
-0.27
-0.275
-0.27
-0.265
-0.26
-0.255
-0.26
-0.265
-0.265
-0.245
-0.26
-0.24
-0.225
-0.225
-0.21
-0.205
-0.205
-0.185
-0.18
-0.165
-0.155
-0.17
-0.14
-0.14
-0.13
-0.13
-0.11
-0.125
-0.105
-0.12
-0.12
-0.14
-0.12
-0.12
-0.125
-0.125
-0.12
-0.12
-0.14
-0.165
-0.185
-0.185
-0.2
-0.215
-0.235
-0.235
-0.26
-0.275
-0.285
-0.3
-0.295
-0.315
-0.325
-0.305
-0.32
-0.32
-0.33
-0.33
-0.325
-0.35
-0.35
-0.345
-0.335
-0.335
-0.345
-0.33
-0.34
-0.33
-0.34
-0.32
-0.34
-0.345
-0.33
-0.305
-0.325
-0.3
-0.295
-0.305
-0.3
-0.305
-0.3
-0.315
-0.28
-0.3
-0.295
-0.305
-0.3
-0.3
-0.305
-0.305
-0.32
-0.31
-0.305
-0.32
-0.325
-0.32
-0.32
-0.345
-0.36
-0.33
-0.335
-0.35
-0.345
-0.355
-0.35
-0.35
-0.36
-0.35
-0.345
-0.36
-0.365
-0.37
-0.35
-0.355
-0.345
-0.355
-0.35
-0.355
-0.36
-0.375
-0.375
-0.375
-0.38
-0.355
-0.38
-0.36
-0.38
-0.36
-0.365
-0.375
-0.37
-0.385
-0.39
