500
1250
1
Lead 1
-0.375
-0.35
-0.37
-0.385
-0.365
-0.385
-0.36
-0.36
-0.36
-0.36
-0.345
-0.355
-0.335
-0.335
-0.315
-0.315
-0.3
-0.305
-0.285
-0.29
-0.305
-0.3
-0.3
-0.31
-0.345
-0.33
-0.325
-0.32
-0.325
-0.34
-0.34
-0.36
-0.36
-0.375
-0.4
-0.395
-0.405
-0.41
-0.41
-0.415
-0.415
-0.39
-0.39
-0.385
-0.395
-0.355
-0.255
-0.07
0.1
0.26
0.32
0.21
-0.08
-0.34
-0.455
-0.54
-0.57
-0.585
-0.595
-0.655
-0.705
-0.755
-0.775
-0.75
-0.655
-0.545
-0.455
-0.4
-0.405
-0.37
-0.36
-0.36
-0.355
-0.345
-0.33
-0.305
-0.32
-0.31
-0.295
-0.305
-0.295
-0.29
-0.29
-0.295
-0.285
-0.285
-0.285
-0.285
-0.275
-0.285
-0.255
-0.245
-0.27
-0.245
-0.245
-0.225
-0.225
-0.18
-0.2
-0.18
-0.19
-0.175
-0.175
-0.155
-0.135
-0.125
-0.115
-0.115
-0.145
-0.13
-0.13
-0.15
-0.14
-0.145
-0.16
-0.17
-0.175
-0.18
-0.2
-0.22
-0.24
-0.25
-0.25
-0.26
-0.28
-0.3
-0.305
-0.315
-0.32
-0.325
-0.33
-0.335
-0.35
-0.33
-0.355
-0.33
-0.35
-0.35
-0.34
-0.36
-0.35
-0.35
-0.35
-0.34
-0.34
-0.33
-0.33
-0.335
-0.325
-0.325
-0.325
-0.325
-0.32
-0.32
-0.315
-0.295
-0.305
-0.305
-0.295
-0.28
-0.305
-0.305
-0.305
-0.315
-0.32
-0.315
-0.315
-0.3
-0.315
-0.305
-0.345
-0.32
-0.305
-0.315
-0.32
-0.315
-0.32
-0.31
-0.32
-0.325
-0.305
-0.32
-0.325
-0.32
-0.325
-0.32
-0.33
-0.34
-0.325
-0.335
-0.345
-0.33
-0.35
-0.34
-0.36
-0.345
-0.345
-0.355
-0.35
-0.365
-0.35
-0.33
-0.355
-0.33
-0.35
-0.34
-0.345
-0.345
-0.345
-0.345
-0.355
-0.35
-0.355
-0.345
-0.355
-0.35
-0.325
-0.32
-0.325
-0.335
-0.36
-0.32
-0.33
-0.33
-0.335
-0.31
-0.3
-0.305
-0.28
-0.295
-0.285
-0.275
-0.28
-0.265
-0.3
-0.315
-0.33
-0.315
-0.315
-0.31
-0.315
-0.31
-0.34
-0.345
-0.35
-0.365
-0.385
-0.39
-0.39
-0.38
-0.38
-0.365
-0.37
-0.36
-0.36
-0.365
-0.38
-0.375
-0.31
-0.185
-0.015
0.17
0.32
0.31
0.11
-0.175
-0.375
-0.49
-0.54
-0.55
-0.565
-0.6
-0.66
-0.7
-0.71
-0.75
-0.7
-0.6
-0.475
-0.425
-0.39
-0.36
-0.365
-0.35
-0.32
-0.33
-0.31
-0.32
-0.3
-0.31
-0.305
-0.295
-0.305
-0.29
-0.295
-0.3
-0.3
-0.295
-0.28
-0.265
-0.265
-0.26
-0.275
-0.27
-0.24
-0.255
-0.235
-0.21
-0.21
-0.215
-0.185
-0.185
-0.19
-0.18
-0.19
-0.18
-0.165
-0.145
-0.145
-0.14
-0.14
-0.14
-0.13
-0.14
-0.145
-0.135
-0.16
-0.155
-0.18
-0.21
-0.22
-0.215
-0.23
-0.255
-0.275
-0.265
-0.28
-0.3
-0.315
-0.32
-0.325
-0.33
-0.33
-0.335
-0.34
-0.32
-0.34
-0.345
-0.325
-0.36
-0.355
-0.355
-0.345
-0.355
-0.34
-0.34
-0.34
-0.335
-0.345
-0.325
-0.345
-0.34
-0.33
-0.33
-0.33
-0.335
-0.33
-0.325
-0.32
-0.32
-0.3
-0.315
-0.32
-0.315
-0.3
-0.31
-0.31
-0.31
-0.31
-0.32
-0.31
-0.315
-0.33
-0.33
-0.315
-0.315
-0.32
-0.335
-0.335
-0.335
-0.34
-0.32
-0.34
-0.35
-0.345
-0.355
-0.36
-0.365
-0.355
-0.37
-0.355
-0.365
-0.355
-0.355
-0.36
-0.36
-0.34
-0.345
-0.36
-0.355
-0.36
-0.36
-0.36
-0.355
-0.345
-0.345
-0.355
-0.36
-0.36
-0.36
-0.36
-0.365
-0.385
-0.37
-0.36
-0.37
-0.37
-0.375
-0.365
-0.36
-0.38
-0.35
-0.365
-0.375
-0.365
-0.38
-0.35
-0.345
-0.35
-0.335
-0.325
-0.285
-0.275
-0.305
-0.285
-0.295
-0.29
-0.28
-0.3
-0.315
-0.345
-0.305
-0.3
-0.305
-0.29
-0.31
-0.32
-0.335
-0.34
-0.33
-0.34
-0.355
-0.37
-0.385
-0.38
-0.39
-0.395
-0.39
-0.38
-0.37
-0.365
-0.38
-0.36
-0.335
-0.195
-0.02
0.18
0.315
0.375
0.265
0.03
-0.25
-0.41
-0.49
-0.535
-0.56
-0.565
-0.6
-0.64
-0.695
-0.71
-0.74
-0.68
-0.585
-0.49
-0.43
-0.39
-0.385
-0.375
-0.345
-0.37
-0.345
-0.32
-0.325
-0.33
-0.32
-0.33
-0.325
-0.31
-0.305
-0.31
-0.3
-0.285
-0.3
-0.285
-0.28
-0.265
-0.265
-0.285
-0.28
-0.25
-0.24
-0.25
-0.23
-0.235
-0.21
-0.18
-0.18
-0.185
-0.16
-0.175
-0.15
-0.145
-0.155
-0.14
-0.145
-0.13
-0.155
-0.135
-0.125
-0.14
-0.15
-0.14
-0.16
-0.16
-0.165
-0.18
-0.205
-0.215
-0.225
-0.255
-0.26
-0.28
-0.28
-0.305
-0.295
-0.31
-0.325
-0.32
-0.345
-0.345
-0.35
-0.36
-0.36
-0.36
-0.365
-0.375
-0.355
-0.345
-0.37
-0.355
-0.36
-0.36
-0.37
-0.355
-0.36
-0.37
-0.385
-0.365
-0.38
-0.35
-0.36
-0.365
-0.33
-0.345
-0.35
-0.33
-0.33
-0.31
-0.32
-0.32
-0.32
-0.33
-0.305
-0.305
-0.32
-0.335
-0.33
-0.33
-0.325
-0.335
-0.315
-0.34
-0.34
-0.33
-0.35
-0.345
-0.355
-0.34
-0.36
-0.355
-0.345
-0.34
-0.34
-0.355
-0.35
-0.34
-0.35
-0.34
-0.35
-0.355
-0.33
-0.345
-0.35
-0.355
-0.335
-0.345
-0.35
-0.36
-0.36
-0.365
-0.34
-0.335
-0.33
-0.345
-0.345
-0.35
-0.35
-0.355
-0.34
-0.355
-0.36
-0.345
-0.355
-0.355
-0.355
-0.35
-0.36
-0.345
-0.33
-0.33
-0.33
-0.325
-0.335
-0.315
-0.29
-0.31
-0.285
-0.28
-0.29
-0.28
-0.28
-0.25
-0.255
-0.25
-0.27
-0.285
-0.285
-0.29
-0.29
-0.29
-0.29
-0.28
-0.32
-0.34
-0.31
-0.34
-0.37
-0.365
-0.37
-0.365
-0.36
-0.36
-0.34
-0.345
-0.325
-0.335
-0.325
-0.31
-0.225
-0.05
0.13
0.28
0.375
0.305
0.065
-0.225
-0.4
-0.455
-0.515
-0.525
-0.55
-0.58
-0.605
-0.66
-0.685
-0.695
-0.655
-0.54
-0.45
-0.38
-0.34
-0.32
-0.33
-0.32
-0.295
-0.275
-0.275
-0.28
-0.26
-0.28
-0.25
-0.25
-0.265
-0.27
-0.265
-0.255
-0.26
-0.265
-0.23
-0.25
-0.25
-0.24
-0.23
-0.225
-0.225
-0.225
-0.23
-0.205
-0.21
-0.22
-0.19
-0.17
-0.17
-0.16
-0.165
-0.15
-0.155
-0.13
-0.13
-0.13
-0.12
-0.11
-0.125
-0.1
-0.1
-0.13
-0.12
-0.15
-0.135
-0.14
-0.155
-0.185
-0.18
-0.2
-0.22
-0.235
-0.24
-0.27
-0.285
-0.27
-0.295
-0.305
-0.325
-0.32
-0.33
-0.345
-0.32
-0.33
-0.345
-0.34
-0.35
-0.345
-0.345
-0.365
-0.355
-0.355
-0.36
-0.335
-0.345
-0.335
-0.345
-0.345
-0.35
-0.355
-0.345
-0.335
-0.315
-0.335
-0.335
-0.34
-0.33
-0.315
-0.315
-0.33
-0.32
-0.315
-0.31
-0.305
-0.31
-0.33
-0.335
-0.33
-0.315
-0.34
-0.33
-0.345
-0.33
-0.325
-0.345
-0.335
-0.315
-0.345
-0.36
-0.35
-0.335
-0.34
-0.345
-0.33
-0.335
-0.34
-0.33
-0.335
-0.345
-0.35
-0.35
-0.33
-0.335
-0.345
-0.355
-0.335
-0.355
-0.335
-0.33
-0.345
-0.335
-0.34
-0.35
-0.355
-0.33
-0.335
-0.34
-0.33
-0.33
-0.33
-0.325
-0.35
-0.33
-0.32
-0.35
-0.335
-0.33
-0.33
-0.325
-0.335
-0.33
-0.305
-0.32
-0.32
-0.315
-0.3
-0.295
-0.28
-0.26
-0.26
-0.265
-0.255
-0.245
-0.26
-0.24
-0.235
-0.265
-0.265
-0.3
-0.3
-0.29
-0.26
-0.275
-0.28
-0.305
-0.315
-0.33
-0.33
-0.345
-0.345
-0.355
-0.36
-0.35
-0.355
-0.35
-0.35
-0.34
-0.35
-0.345
-0.33
-0.275
-0.16
0.005
0.185
0.345
0.345
0.175
-0.12
-0.345
-0.44
-0.51
-0.53
-0.53
-0.57
-0.615
-0.65
-0.71
-0.715
-0.665
-0.56
-0.455
-0.39
-0.34
-0.355
-0.35
-0.32
-0.32
-0.305
-0.285
-0.29
-0.29
-0.265
-0.285
-0.285
-0.26
-0.255
-0.265
-0.24
-0.25
-0.24
-0.235
-0.245
-0.24
-0.225
-0.24
-0.235
-0.21
-0.22
-0.21
-0.2
-0.19
-0.205
-0.17
-0.16
-0.15
-0.135
-0.135
-0.145
-0.13
-0.145
-0.125
-0.11
-0.065
-0.105
-0.09
-0.085
-0.09
-0.105
-0.12
-0.135
-0.135
-0.165
-0.17
-0.185
-0.195
-0.195
-0.22
-0.22
-0.265
-0.27
-0.29
-0.3
-0.29
-0.295
-0.315
-0.325
-0.34
-0.35
-0.34
-0.35
-0.335
-0.34
-0.355
-0.36
-0.35
-0.36
-0.345
-0.345
-0.345
-0.365
-0.34
-0.35
-0.345
-0.34
-0.34
-0.34
-0.32
-0.315
-0.31
-0.305
-0.315
-0.29
-0.32
-0.32
-0.32
-0.29
-0.31
-0.295
-0.31
-0.3
-0.305
-0.32
-0.32
-0.315
-0.31
-0.335
-0.325
-0.33
-0.305
-0.335
-0.345
-0.325
-0.33
-0.32
-0.34
-0.33
-0.335
-0.34
-0.33
-0.335
-0.34
-0.345
-0.335
-0.34
-0.34
-0.33
-0.335
-0.34
-0.34
-0.35
-0.325
-0.345
-0.345
-0.345
-0.355
-0.34
-0.345
-0.35
-0.34
-0.35
-0.355
-0.335
-0.345
-0.34
-0.335
-0.34
-0.355
-0.34
-0.36
-0.36
-0.36
-0.345
-0.33
-0.345
-0.34
-0.34
-0.335
-0.35
-0.315
-0.32
-0.28
-0.265
-0.285
-0.285
-0.29
-0.275
-0.29
-0.265
-0.27
-0.26
-0.265
-0.275
-0.29
-0.295
-0.3
-0.295
-0.29
-0.3
-0.315
-0.31
-0.325
-0.33
-0.34
-0.345
-0.36
-0.37
-0.335
-0.345
-0.35
-0.355
-0.335
-0.345
-0.35
-0.36
-0.275
-0.145
0.06
0.22
0.35
0.355
0.19
-0.11
-0.335
-0.435
-0.485
-0.485
-0.52
-0.545
-0.6
-0.645
-0.685
-0.7
-0.64
-0.54
-0.425
-0.345
-0.32
-0.315
-0.315
-0.285
-0.29
-0.27
-0.27
-0.255
-0.23
-0.25
-0.25
-0.245
-0.25
-0.235
-0.235
-0.245
-0.225
-0.225
-0.215
-0.21
-0.205
-0.215
-0.205
-0.2
-0.185
-0.165
-0.16
-0.155
-0.165
-0.15
-0.13
-0.12
-0.13
-0.125
-0.115
-0.105
-0.085
-0.08
-0.075
-0.07
-0.055
-0.065
-0.065
-0.095
-0.075
-0.085
-0.1
-0.115
-0.13
-0.13
-0.17
-0.18
-0.195
-0.19
-0.215
-0.22
-0.265
-0.26
-0.27
-0.275
-0.265
-0.295
-0.295
-0.295
-0.305
-0.315
-0.295
-0.31
-0.305
-0.32
-0.32
-0.31
-0.305
-0.315
-0.32
-0.31
-0.285
-0.305
-0.305
-0.28
-0.27
-0.28
-0.28
-0.265
-0.27
-0.265
-0.26
-0.255
-0.26
-0.26
-0.26
-0.26
-0.27
-0.265
-0.275
-0.26
-0.245
-0.26
-0.275
-0.275
-0.26
-0.26
-0.28
-0.29
-0.275
-0.295
-0.285
-0.29
-0.305
